src/images/mdt.asc
ncols        400
nrows        400
xllcorner    -3.972080343888
yllcorner    40.766720481721
dx           0.000058594719
dy           0.000045529670
[rows 224 to 251 of 400, columns 252 to 314 of 400]
1841.861 1839.194 1836.634 1834.358 1832.185 1829.842 1828.353 1826.139 1824.234 1822.443 1820.898 1819.282 1817.774 1816.417 1815.100 1814.294 1813.019 1812.000 1811.359 1811.061 1810.942 1810.511 1810.046 1809.418 1808.528 1807.433 1805.722 1804.854 1804.455 1804.248 1803.558 1803.367 1804.112 1805.441 1807.064 1808.980 1810.985 1812.367 1812.270 1812.235 1812.712 1813.452 1815.172 1816.872 1818.700 1821.095 1823.660 1826.295 1828.271 1830.315 1832.335 1835.092 1838.036 1840.452 1843.450 1845.902 1848.742 1851.130 1854.295 1857.165 1859.749 1862.469 1866.016
1841.950 1839.368 1836.244 1834.292 1832.082 1829.981 1827.978 1826.167 1824.287 1822.096 1820.124 1818.595 1817.365 1816.169 1814.825 1813.613 1812.812 1811.333 1810.757 1810.570 1810.723 1810.308 1809.661 1809.365 1808.632 1807.253 1805.437 1803.750 1804.079 1803.586 1802.171 1802.427 1803.320 1804.331 1805.673 1807.611 1809.885 1811.520 1811.627 1811.771 1812.045 1813.054 1814.439 1816.344 1818.276 1820.653 1823.207 1825.799 1827.949 1830.179 1832.862 1835.269 1837.697 1840.249 1843.129 1845.660 1848.042 1851.083 1853.326 1856.267 1858.601 1862.503 1865.343
1842.303 1839.751 1836.678 1834.212 1832.112 1830.219 1827.786 1825.999 1823.866 1821.883 1819.970 1818.550 1817.085 1815.557 1814.052 1812.844 1812.389 1810.955 1810.148 1810.349 1810.086 1809.994 1809.442 1809.142 1808.413 1806.783 1804.771 1804.263 1803.267 1803.095 1801.673 1801.804 1802.405 1803.652 1804.482 1806.252 1808.584 1810.592 1811.018 1811.171 1811.515 1812.637 1813.834 1815.896 1817.654 1819.937 1822.561 1825.311 1827.432 1829.655 1832.495 1834.882 1837.592 1840.063 1843.010 1845.409 1847.811 1850.489 1853.262 1855.870 1858.766 1861.959 1864.677
1842.399 1839.580 1837.224 1834.801 1832.231 1829.997 1827.426 1825.354 1823.652 1822.016 1819.823 1818.008 1816.546 1814.867 1813.578 1812.885 1811.659 1810.807 1809.900 1809.719 1809.713 1809.462 1809.007 1808.935 1807.949 1806.387 1804.124 1803.895 1803.425 1802.907 1801.824 1801.353 1801.777 1802.581 1803.713 1805.239 1807.764 1809.989 1810.379 1810.487 1811.051 1811.619 1813.179 1814.730 1816.974 1819.494 1822.209 1824.475 1826.722 1829.319 1831.945 1834.596 1836.702 1839.778 1842.342 1844.905 1847.596 1850.204 1853.146 1855.876 1858.581 1860.986 1863.852
1842.454 1839.850 1837.264 1835.138 1832.626 1830.086 1827.584 1824.987 1822.928 1821.721 1819.480 1817.692 1816.232 1814.755 1813.516 1812.499 1811.391 1810.753 1809.945 1809.161 1809.223 1809.044 1808.587 1808.571 1807.966 1806.162 1803.851 1802.818 1802.668 1802.696 1801.494 1801.273 1801.300 1802.054 1802.927 1804.692 1806.886 1808.729 1809.694 1810.057 1810.642 1811.311 1812.621 1814.256 1816.854 1818.951 1821.845 1823.944 1826.246 1828.912 1831.650 1834.044 1836.739 1839.326 1841.775 1844.616 1847.451 1850.074 1852.426 1855.272 1858.247 1860.864 1863.476
1842.678 1840.075 1837.380 1834.953 1832.895 1830.093 1827.163 1824.809 1822.804 1821.374 1819.356 1817.575 1815.884 1814.421 1813.499 1812.525 1811.432 1810.554 1809.496 1808.897 1809.068 1808.567 1808.223 1807.815 1807.646 1805.890 1803.239 1801.946 1801.701 1802.006 1801.092 1800.145 1800.893 1801.163 1802.225 1803.644 1805.973 1807.650 1808.912 1809.531 1810.329 1810.948 1812.010 1814.007 1816.607 1818.746 1821.182 1823.333 1825.477 1828.152 1831.245 1833.342 1835.923 1838.509 1840.887 1843.950 1846.704 1849.457 1852.257 1855.143 1857.770 1860.330 1862.623
1842.409 1839.869 1837.396 1834.818 1832.712 1829.839 1827.479 1825.274 1823.261 1821.118 1819.370 1817.555 1816.042 1814.326 1813.320 1812.037 1810.960 1810.277 1808.902 1808.524 1808.327 1808.073 1807.824 1807.572 1807.094 1804.810 1802.641 1801.713 1800.968 1801.349 1800.554 1799.790 1800.329 1801.058 1801.616 1802.890 1804.483 1806.502 1808.289 1808.932 1809.437 1809.785 1811.380 1813.743 1815.890 1818.306 1820.887 1823.246 1825.627 1827.556 1829.882 1832.855 1835.303 1837.800 1840.464 1843.622 1846.133 1848.699 1851.373 1854.519 1857.380 1859.966 1862.719
1842.718 1839.885 1837.307 1835.038 1832.610 1830.363 1827.774 1825.311 1823.237 1821.200 1818.935 1816.833 1815.673 1814.377 1813.187 1811.732 1810.525 1809.514 1808.707 1808.169 1807.866 1807.603 1807.621 1807.099 1805.832 1804.390 1802.244 1801.191 1800.349 1800.743 1800.337 1799.411 1799.602 1801.229 1801.267 1801.834 1803.484 1805.411 1807.342 1808.398 1808.714 1809.362 1810.593 1812.917 1815.407 1817.696 1819.993 1822.954 1825.282 1827.303 1829.740 1832.404 1834.922 1837.599 1840.289 1843.087 1845.344 1848.044 1850.831 1853.724 1856.368 1859.284 1862.266
1842.795 1840.207 1837.646 1835.216 1832.566 1829.941 1827.611 1824.915 1822.567 1820.699 1818.830 1816.744 1815.176 1814.346 1812.837 1811.612 1810.113 1809.204 1808.430 1807.801 1807.394 1807.122 1807.128 1806.243 1805.562 1803.549 1801.722 1800.655 1799.757 1799.777 1799.127 1798.846 1799.724 1800.613 1800.758 1800.993 1802.285 1804.399 1806.455 1808.154 1808.352 1808.907 1810.432 1812.515 1814.809 1817.004 1819.298 1821.849 1824.598 1826.977 1829.143 1831.824 1834.403 1837.022 1839.636 1842.634 1844.889 1847.535 1850.105 1852.809 1855.653 1858.718 1861.579
1842.705 1840.235 1837.522 1834.930 1832.518 1829.863 1827.258 1824.491 1822.132 1820.377 1818.211 1816.567 1815.536 1814.297 1812.702 1811.390 1810.239 1809.222 1808.285 1807.463 1806.838 1806.555 1806.082 1805.752 1805.367 1803.259 1801.240 1799.734 1799.190 1798.718 1798.411 1798.539 1800.467 1800.507 1800.389 1800.482 1801.682 1803.914 1806.076 1807.606 1807.933 1808.994 1810.236 1812.061 1814.558 1817.028 1819.339 1821.465 1823.886 1826.363 1828.852 1831.126 1834.022 1836.293 1838.928 1841.486 1843.833 1847.001 1849.814 1852.120 1854.872 1857.607 1860.279
1842.507 1840.055 1837.369 1834.536 1832.548 1830.057 1827.679 1824.534 1821.626 1819.928 1818.103 1816.330 1815.067 1813.567 1812.438 1811.355 1810.107 1809.078 1807.968 1807.171 1806.490 1805.678 1805.586 1805.350 1804.823 1803.410 1801.202 1799.234 1798.357 1797.406 1798.143 1799.415 1800.851 1800.331 1799.882 1800.005 1801.329 1803.747 1805.916 1807.128 1807.497 1808.330 1809.601 1812.056 1814.383 1816.679 1818.993 1821.042 1823.157 1825.568 1828.037 1830.627 1833.144 1835.758 1838.045 1840.034 1842.933 1846.356 1848.931 1851.008 1853.392 1856.093 1859.147
1842.485 1840.059 1837.413 1834.098 1831.860 1829.883 1827.056 1824.762 1822.593 1819.961 1817.970 1816.029 1814.868 1813.355 1812.256 1811.020 1809.880 1809.016 1807.772 1807.237 1805.970 1805.343 1805.230 1804.842 1803.956 1802.847 1800.345 1798.158 1797.113 1797.656 1798.721 1799.995 1800.758 1800.164 1799.345 1799.596 1801.113 1803.380 1805.814 1806.939 1807.110 1807.441 1808.982 1811.236 1813.924 1816.362 1818.507 1820.628 1822.519 1825.277 1827.580 1830.077 1832.585 1834.772 1837.490 1839.575 1842.409 1845.212 1847.984 1850.056 1852.244 1854.471 1858.200
1842.873 1840.468 1837.561 1833.950 1831.385 1829.562 1827.015 1824.335 1822.075 1819.675 1818.048 1815.646 1813.882 1812.829 1811.579 1810.423 1809.444 1808.546 1807.508 1806.275 1805.625 1804.994 1804.520 1804.614 1802.608 1800.634 1798.985 1796.899 1796.766 1797.850 1799.069 1799.398 1799.788 1799.794 1799.066 1799.114 1800.571 1803.060 1805.103 1806.496 1806.632 1807.452 1808.723 1810.810 1813.336 1815.518 1817.638 1819.849 1822.026 1824.349 1826.725 1829.673 1831.697 1833.841 1836.522 1838.920 1841.558 1844.568 1847.175 1849.344 1851.050 1854.011 1856.924
1843.084 1840.292 1837.627 1834.252 1831.180 1828.851 1826.483 1824.655 1822.258 1820.093 1817.971 1815.657 1814.389 1812.902 1811.017 1809.696 1809.005 1807.973 1806.357 1805.679 1805.194 1804.556 1804.144 1803.369 1801.314 1799.745 1797.400 1796.266 1797.292 1797.710 1798.578 1798.696 1799.244 1799.610 1798.959 1798.484 1799.854 1802.306 1804.644 1806.027 1806.108 1806.979 1808.083 1810.362 1813.058 1814.950 1817.200 1819.336 1821.317 1823.924 1826.581 1828.687 1831.137 1833.366 1836.247 1838.675 1841.050 1843.773 1846.165 1848.289 1850.527 1853.340 1855.640
1843.427 1840.805 1837.024 1834.002 1831.327 1828.907 1826.616 1824.422 1822.268 1820.252 1817.713 1815.728 1814.445 1812.395 1810.977 1809.596 1808.641 1806.618 1805.639 1804.832 1804.703 1804.026 1803.865 1802.783 1800.806 1798.571 1796.559 1796.567 1796.783 1797.770 1798.263 1798.081 1798.797 1799.196 1799.129 1798.212 1798.952 1801.119 1803.680 1805.581 1805.687 1806.186 1807.705 1809.493 1812.243 1814.346 1816.656 1818.569 1820.848 1823.207 1825.794 1827.929 1830.407 1832.824 1835.401 1837.801 1840.622 1842.664 1845.583 1847.809 1849.786 1852.306 1854.253
1843.428 1840.289 1837.063 1834.386 1831.712 1828.935 1826.566 1824.343 1822.282 1819.883 1817.786 1815.946 1814.027 1812.335 1810.794 1809.318 1807.638 1806.272 1805.307 1804.343 1803.764 1803.466 1803.069 1802.454 1800.075 1797.456 1796.017 1796.294 1796.155 1797.471 1797.706 1797.557 1798.018 1798.410 1798.574 1797.704 1798.248 1800.473 1802.764 1805.297 1805.355 1805.860 1807.081 1809.125 1811.539 1813.968 1815.872 1817.998 1820.481 1822.611 1825.118 1827.167 1829.522 1832.075 1834.737 1837.223 1839.196 1841.688 1844.242 1846.706 1849.006 1850.812 1852.934
1842.103 1839.723 1837.200 1834.316 1831.158 1829.036 1826.215 1823.988 1821.930 1819.606 1817.419 1815.380 1813.528 1812.207 1810.438 1808.572 1807.394 1805.725 1804.708 1804.062 1803.497 1803.089 1802.695 1802.841 1799.754 1797.099 1795.631 1795.432 1795.874 1796.702 1797.090 1797.494 1796.836 1797.011 1797.885 1797.150 1797.719 1799.599 1802.213 1804.492 1805.116 1805.604 1806.469 1808.424 1810.792 1812.849 1814.861 1817.383 1819.646 1822.110 1824.021 1826.539 1829.255 1831.861 1834.009 1836.398 1838.605 1840.853 1843.373 1845.669 1848.304 1849.842 1849.842
1841.077 1838.913 1836.752 1834.053 1831.140 1828.592 1826.078 1823.733 1821.221 1818.597 1816.745 1814.883 1813.009 1811.681 1809.565 1808.218 1806.720 1805.138 1804.184 1803.448 1803.014 1802.379 1802.121 1801.645 1799.506 1796.998 1794.946 1794.391 1795.017 1796.114 1796.479 1797.028 1796.522 1796.071 1796.581 1796.447 1797.051 1799.168 1802.033 1803.792 1804.542 1805.234 1805.840 1808.071 1810.328 1812.178 1814.364 1816.731 1818.776 1820.984 1823.469 1826.240 1828.988 1831.022 1833.311 1835.572 1837.825 1840.031 1842.317 1844.869 1846.802 1846.802 1848.819
1840.461 1838.412 1836.079 1833.336 1830.523 1827.821 1825.541 1823.251 1820.952 1818.590 1816.148 1814.214 1812.153 1810.057 1808.581 1807.025 1805.838 1804.476 1803.788 1803.066 1802.367 1801.708 1801.640 1801.500 1800.007 1797.616 1795.739 1794.075 1794.839 1795.690 1795.846 1796.839 1796.553 1796.048 1795.368 1795.619 1796.452 1798.636 1801.214 1803.464 1804.063 1804.632 1805.783 1807.769 1810.006 1811.651 1813.959 1816.192 1818.017 1820.191 1823.093 1825.943 1828.081 1830.451 1832.469 1834.608 1837.132 1839.296 1841.646 1843.886 1843.886 1846.049 1847.847
1839.825 1837.915 1835.372 1832.924 1830.280 1827.934 1825.280 1822.829 1820.296 1818.165 1815.628 1813.652 1811.152 1809.328 1807.583 1806.216 1805.481 1804.261 1803.722 1802.848 1802.034 1801.402 1800.986 1801.095 1800.028 1797.978 1796.032 1794.652 1793.419 1794.499 1795.344 1796.154 1795.736 1795.245 1795.173 1794.780 1796.070 1798.253 1800.949 1802.818 1803.444 1804.013 1805.272 1807.247 1809.487 1810.998 1813.191 1815.290 1817.532 1819.578 1822.255 1825.289 1827.663 1829.515 1831.716 1833.557 1836.098 1838.925 1840.888 1840.888 1842.971 1845.139 1847.276
1839.334 1837.005 1834.538 1832.284 1829.860 1827.538 1824.968 1822.654 1820.259 1818.070 1815.813 1813.075 1811.135 1808.988 1807.039 1805.776 1804.720 1804.028 1803.230 1802.593 1801.953 1801.154 1800.619 1800.753 1800.388 1798.523 1796.354 1794.448 1793.606 1793.434 1794.634 1795.090 1795.673 1794.938 1794.274 1794.122 1796.188 1798.013 1800.535 1802.378 1802.875 1803.651 1804.805 1807.058 1808.967 1810.830 1812.880 1814.865 1817.118 1819.109 1821.425 1824.433 1827.131 1828.936 1830.621 1832.508 1835.197 1837.997 1837.997 1839.931 1841.936 1843.692 1845.943
1838.460 1836.379 1833.923 1831.680 1829.388 1827.018 1824.442 1822.096 1820.366 1817.877 1815.666 1812.851 1810.578 1808.214 1806.834 1805.695 1804.415 1803.649 1802.637 1802.100 1801.404 1800.560 1800.161 1800.198 1800.394 1799.236 1797.375 1795.273 1794.118 1792.675 1793.672 1794.628 1794.806 1794.542 1793.752 1793.588 1795.706 1797.816 1800.328 1801.792 1802.571 1803.368 1804.441 1806.486 1808.624 1810.577 1812.496 1814.377 1816.690 1818.693 1820.649 1823.863 1826.162 1828.446 1830.194 1831.880 1834.632 1834.632 1836.989 1839.756 1841.284 1842.624 1844.507
1837.676 1835.818 1833.404 1831.230 1829.033 1826.633 1823.921 1821.316 1819.469 1817.236 1815.197 1812.949 1810.290 1807.740 1805.944 1805.118 1804.039 1803.008 1802.434 1801.400 1800.813 1800.127 1799.693 1799.800 1799.887 1799.663 1798.153 1795.907 1794.049 1792.190 1792.741 1794.012 1794.398 1794.100 1793.001 1793.390 1795.570 1797.878 1800.201 1801.241 1802.128 1803.319 1804.288 1805.916 1808.067 1810.320 1812.405 1814.499 1816.385 1818.375 1820.227 1822.645 1825.641 1828.347 1829.960 1831.910 1831.910 1834.226 1836.584 1838.694 1840.482 1841.778 1843.615
1836.665 1834.557 1832.711 1830.738 1828.611 1826.307 1824.343 1821.654 1819.331 1816.863 1815.183 1812.476 1810.027 1807.809 1805.907 1804.226 1803.427 1802.495 1801.423 1800.441 1799.890 1799.518 1799.181 1799.168 1799.617 1799.183 1798.513 1796.454 1794.745 1792.425 1792.092 1793.767 1793.264 1793.202 1792.604 1793.096 1795.682 1798.130 1799.966 1800.786 1801.735 1802.990 1803.855 1806.076 1807.506 1809.263 1811.762 1813.723 1815.777 1817.794 1819.745 1821.992 1824.606 1827.658 1829.303 1829.303 1831.086 1833.495 1835.566 1837.594 1839.086 1840.549 1842.452
1836.112 1834.089 1831.768 1830.107 1827.935 1825.696 1823.443 1820.829 1818.644 1816.539 1814.029 1811.777 1809.690 1807.425 1805.275 1803.756 1802.424 1801.274 1800.341 1799.525 1799.194 1798.880 1798.702 1798.664 1798.836 1798.799 1798.573 1797.474 1795.416 1792.758 1791.385 1792.096 1792.938 1792.626 1792.478 1793.237 1795.004 1797.287 1799.217 1800.187 1801.332 1802.781 1803.961 1805.495 1806.918 1808.699 1810.487 1813.008 1815.127 1816.851 1819.141 1821.047 1823.712 1826.724 1826.724 1828.551 1830.226 1832.649 1834.937 1837.156 1838.430 1839.239 1841.094
1835.084 1832.857 1831.142 1829.134 1826.936 1824.668 1821.630 1819.803 1817.620 1815.260 1813.219 1810.900 1809.034 1806.541 1804.271 1802.906 1801.172 1800.506 1799.874 1798.861 1798.371 1798.139 1798.178 1798.211 1798.273 1798.243 1798.108 1797.316 1795.079 1793.712 1791.740 1791.600 1791.880 1792.299 1792.143 1793.199 1794.427 1796.659 1798.591 1799.715 1800.541 1802.249 1803.335 1805.046 1806.792 1808.312 1810.446 1812.647 1814.503 1816.360 1818.055 1820.603 1822.637 1822.637 1825.875 1827.781 1829.912 1831.644 1833.693 1836.032 1837.188 1839.017 1840.320
1834.328 1831.917 1830.126 1828.218 1826.046 1823.139 1820.720 1818.740 1816.596 1814.477 1812.209 1810.019 1808.160 1806.021 1804.005 1802.577 1801.297 1800.347 1799.678 1798.487 1797.996 1797.681 1797.443 1797.433 1797.547 1797.747 1797.300 1796.349 1794.615 1793.688 1792.670 1791.134 1790.931 1790.940 1791.661 1792.806 1794.087 1795.822 1797.963 1799.071 1800.013 1801.451 1802.943 1804.401 1806.215 1807.716 1809.988 1811.615 1813.767 1815.876 1818.054 1820.014 1820.014 1821.891 1824.062 1826.698 1829.050 1831.576 1833.462 1835.272 1836.565 1838.229 1839.635
1833.396 1830.861 1828.828 1826.817 1823.738 1821.856 1819.864 1817.880 1815.444 1813.539 1811.392 1809.451 1807.463 1805.441 1803.658 1802.024 1801.136 1799.834 1799.203 1798.192 1797.598 1797.169 1796.840 1796.679 1796.749 1796.823 1796.565 1795.467 1793.828 1792.933 1792.910 1791.736 1790.573 1790.452 1790.611 1791.654 1793.328 1795.463 1797.287 1798.676 1799.813 1800.865 1802.102 1803.740 1805.640 1807.120 1808.935 1810.845 1812.692 1815.072 1817.183 1817.183 1819.554 1821.619 1823.786 1825.849 1828.196 1830.824 1832.577 1834.448 1835.934 1837.365 1838.798
