src/images/mdt.asc
ncols        400
nrows        400
xllcorner    -4.793786656196
yllcorner    40.289823255899
dx           0.000057621080
dy           0.000045930982
[rows 116 to 144 of 400, columns 330 to 395 of 400]
772.793 771.646 768.015 766.746 766.067 764.713 764.173 763.760 764.123 766.039 766.739 766.930 766.611 766.399 766.006 765.461 764.239 763.466 762.785 761.190 760.179 759.102 758.090 756.353 755.706 755.213 754.508 753.616 752.731 752.304 752.239 751.971 751.618 750.690 750.119 749.591 749.137 748.466 747.953 747.332 746.061 745.435 744.844 744.299 743.248 742.636 741.913 740.795 740.651 740.606 740.531 740.214 739.798 739.199 738.290 738.170 738.182 738.083 737.831 737.565 737.060 736.461 735.247 734.708 734.076 732.135
772.793 771.897 768.854 767.388 766.059 763.581 762.593 761.797 762.039 764.122 764.940 764.839 764.519 764.463 764.311 764.175 763.398 762.745 762.002 760.244 759.311 758.327 757.321 755.546 754.944 754.434 753.386 752.545 751.953 751.679 751.380 751.041 750.700 749.940 749.444 748.992 748.607 747.836 747.212 746.543 745.401 744.815 744.262 743.770 742.430 741.588 740.747 739.941 739.904 739.909 739.906 739.797 739.509 738.957 737.682 737.280 737.077 737.060 736.954 736.777 736.400 735.884 734.692 734.145 733.595 731.812
772.336 771.804 769.417 767.898 766.252 763.025 761.828 761.000 760.940 761.840 762.335 762.253 762.507 762.818 763.025 763.078 762.535 761.962 761.177 759.367 758.385 757.371 756.327 754.404 753.725 753.142 752.095 751.514 751.175 750.990 750.436 750.007 749.651 748.913 748.459 748.113 747.838 746.968 746.323 745.683 744.688 744.200 743.682 743.130 741.603 740.842 740.140 739.332 739.235 739.200 739.224 739.205 738.912 738.244 737.026 736.518 736.011 735.912 736.003 735.895 735.569 735.172 734.155 733.545 732.956 731.461
771.712 771.257 768.884 767.486 766.156 762.552 761.185 760.530 759.833 758.563 758.361 758.005 758.164 758.874 759.559 759.843 759.581 759.154 758.647 757.289 756.421 755.557 754.620 752.678 751.997 751.479 750.314 749.618 749.413 749.376 748.563 747.871 747.178 746.066 745.938 745.834 745.663 744.898 744.436 744.002 742.977 742.401 741.855 741.324 740.337 739.969 739.571 738.356 738.022 737.885 737.630 737.047 736.649 736.025 735.198 734.863 734.552 734.187 733.417 733.297 733.328 733.177 732.527 732.113 731.680 730.712
771.553 771.043 768.646 767.168 765.682 762.357 761.001 760.246 759.231 757.352 757.023 756.530 756.275 756.566 756.914 757.202 757.452 757.256 757.004 756.142 755.410 754.660 753.868 752.119 751.435 750.925 749.446 748.710 748.417 748.183 747.007 746.340 745.672 744.658 744.664 744.683 744.589 743.942 743.583 743.216 742.135 741.546 741.035 740.594 739.713 739.260 738.670 737.660 737.405 737.116 736.397 735.607 735.444 735.091 734.567 734.230 733.876 733.546 732.667 732.164 731.925 731.866 731.671 731.323 730.964 730.169
771.496 770.907 768.931 767.284 765.338 762.058 760.609 759.510 758.348 756.474 756.052 755.615 755.272 755.414 755.546 755.605 755.611 755.584 755.508 754.948 754.420 753.797 753.123 751.575 750.915 750.460 749.055 748.194 747.626 747.093 745.559 744.887 744.317 743.607 743.589 743.587 743.508 743.060 742.791 742.416 741.211 740.748 740.352 739.877 738.825 738.271 737.512 736.686 736.501 736.105 735.306 734.572 734.463 734.311 733.876 733.520 733.146 732.793 732.113 731.673 731.108 730.750 730.417 730.261 730.132 729.588
771.362 770.738 768.892 767.174 765.111 761.648 760.070 758.828 757.567 755.660 755.274 755.073 754.956 754.959 754.953 754.861 754.593 754.443 754.264 753.815 753.411 752.860 752.281 751.003 750.473 750.128 748.642 747.580 746.847 746.246 744.817 744.139 743.564 742.887 742.766 742.685 742.590 742.207 741.914 741.476 740.392 740.067 739.717 739.096 737.714 737.144 736.514 735.726 735.409 734.925 734.393 733.882 733.617 733.447 732.909 732.463 732.081 731.743 731.368 731.273 730.883 730.395 729.396 729.200 729.151 728.815
770.987 770.344 768.067 766.358 764.558 760.991 759.499 758.501 757.082 754.757 754.379 754.175 754.039 753.983 754.015 754.043 753.959 753.680 753.331 752.661 752.280 751.883 751.437 750.443 750.116 749.860 748.224 746.999 746.119 745.442 744.352 743.886 743.375 742.579 742.345 742.157 741.985 741.294 740.886 740.476 739.787 739.466 739.015 738.331 736.836 736.230 735.779 735.064 734.639 734.137 733.837 733.223 732.711 732.358 731.743 731.331 730.987 730.760 730.588 730.529 730.274 729.933 729.109 728.764 728.496 728.003
770.301 769.336 766.542 765.109 763.385 760.132 759.120 758.283 756.832 754.338 753.805 753.453 753.120 752.999 752.952 752.961 752.969 752.833 752.604 751.959 751.592 751.254 750.903 750.162 749.890 749.645 747.822 746.483 745.605 744.994 743.850 743.521 743.179 742.451 742.111 741.782 741.461 740.442 739.994 739.666 739.124 738.783 738.331 737.754 736.387 735.715 735.259 734.404 733.929 733.545 733.207 732.213 731.675 731.318 730.793 730.572 730.396 730.266 729.989 729.742 729.416 729.134 728.828 728.627 728.314 727.579
769.308 767.982 765.113 764.023 762.448 759.713 759.070 758.440 757.009 754.098 753.469 753.115 752.882 752.758 752.613 752.479 752.208 752.139 751.989 751.490 751.228 750.909 750.575 749.978 749.738 749.506 747.693 746.249 745.325 744.786 743.593 743.170 742.846 742.274 741.873 741.382 740.825 739.846 739.457 739.120 738.318 738.046 737.852 737.456 736.115 735.434 734.912 733.374 732.661 732.334 731.968 731.143 730.838 730.584 730.135 729.996 729.954 729.894 729.635 729.340 728.976 728.720 728.540 728.520 728.339 727.442
768.382 767.029 764.535 763.454 762.083 759.611 758.942 758.232 756.670 753.410 752.815 752.525 752.314 752.271 752.197 752.103 751.920 751.823 751.596 750.933 750.726 750.519 750.306 749.861 749.636 749.405 747.652 746.117 745.084 744.517 743.429 743.036 742.717 742.043 741.600 741.037 740.382 739.674 739.306 738.819 737.601 737.328 737.266 736.980 735.639 735.046 734.584 732.315 731.360 731.038 730.827 730.455 730.314 730.085 729.627 729.486 729.464 729.401 729.157 728.975 728.739 728.563 728.389 728.434 728.440 727.448
767.821 766.435 764.044 762.911 761.688 759.415 758.677 757.324 755.481 752.700 752.275 752.083 751.800 751.729 751.643 751.510 751.264 751.119 750.892 750.398 750.286 750.204 750.093 749.657 749.425 749.155 747.449 746.036 744.975 744.303 743.326 743.027 742.717 741.675 741.256 740.859 740.398 739.778 739.307 738.567 737.018 736.673 736.482 736.121 735.031 734.594 734.162 731.651 730.669 730.389 730.255 730.002 729.843 729.633 729.299 729.179 729.102 729.006 728.871 728.782 728.601 728.444 728.216 728.069 727.834 726.643
767.208 765.764 763.352 762.222 761.120 759.045 758.420 756.578 754.518 752.381 752.085 751.912 751.602 751.449 751.281 751.090 750.755 750.548 750.271 749.754 749.578 749.493 749.448 749.058 748.712 748.366 747.348 746.276 745.144 744.190 743.481 743.060 742.567 741.468 741.109 740.786 740.331 739.417 738.846 738.042 736.596 736.191 735.798 735.290 734.589 734.308 733.705 731.248 730.385 730.092 729.919 729.638 729.476 729.324 729.092 728.986 728.911 728.896 729.058 728.948 728.667 728.408 728.039 727.558 726.888 725.731
766.313 764.905 762.627 761.609 760.570 758.533 757.962 756.105 754.164 752.297 751.946 751.723 751.378 751.226 751.068 750.896 750.525 750.305 750.040 749.412 749.059 748.787 748.598 748.165 747.819 747.513 747.079 746.148 745.044 744.145 743.587 742.939 742.283 741.456 741.066 740.532 739.745 738.499 737.979 737.334 736.260 735.814 735.282 734.818 734.408 734.177 733.314 730.896 730.133 729.752 729.585 729.357 729.224 729.119 728.962 728.880 728.817 728.893 729.154 728.901 728.478 727.946 727.049 726.671 726.174 725.333
765.503 764.191 761.850 761.013 760.014 757.999 757.296 755.701 754.033 751.936 751.521 751.282 750.924 750.775 750.640 750.523 750.215 750.018 749.812 749.273 748.930 748.588 748.264 747.671 747.402 747.178 746.804 745.851 744.844 744.193 743.432 742.648 742.036 741.318 740.764 739.994 739.077 737.957 737.509 736.945 735.878 735.410 734.940 734.673 734.359 734.093 733.189 730.719 729.842 729.379 729.205 729.076 729.038 728.966 728.942 728.932 728.701 728.471 727.972 727.665 727.266 726.720 725.799 725.670 725.451 724.697
764.661 763.530 761.136 760.379 759.370 757.492 756.649 755.117 753.550 751.406 751.053 750.789 750.132 749.843 749.698 749.615 749.365 749.235 749.135 748.826 748.580 748.342 748.104 747.529 747.278 747.064 746.640 745.849 744.918 744.157 743.056 742.368 741.909 741.142 740.481 739.634 738.803 737.935 737.471 736.873 735.711 735.246 734.857 734.657 734.315 733.998 733.267 730.839 729.787 729.321 729.011 728.744 728.813 728.803 728.666 728.361 727.665 727.011 726.069 725.957 725.776 725.510 725.079 724.917 724.690 724.088
763.426 762.620 760.460 759.572 758.586 756.969 756.223 754.728 753.114 751.144 751.116 750.834 749.587 749.214 748.994 748.818 748.396 748.248 748.178 748.192 748.085 747.866 747.587 747.150 746.997 746.845 746.420 745.684 744.690 743.677 742.617 742.184 741.875 740.906 740.268 739.555 738.884 737.991 737.463 736.865 735.868 735.424 735.006 734.746 734.293 733.876 733.163 731.041 730.045 729.610 729.184 728.563 728.547 728.446 727.662 726.834 725.990 725.298 724.529 724.591 724.584 724.571 724.516 724.238 723.953 723.556
762.076 761.621 759.782 758.740 757.831 756.427 755.863 754.666 753.251 751.233 751.145 750.808 749.463 749.153 748.885 748.629 748.126 747.932 747.786 747.756 747.638 747.369 747.043 746.766 746.677 746.588 746.329 745.681 744.676 743.479 742.392 742.118 741.860 740.760 740.202 739.720 739.356 738.291 737.633 737.055 736.268 735.891 735.479 735.162 734.480 733.818 732.924 731.208 730.373 729.889 729.419 728.709 728.745 728.362 726.410 725.468 724.897 724.346 723.640 723.701 723.718 723.770 723.900 723.637 723.351 723.060
760.747 760.565 759.284 758.207 757.317 755.974 755.421 754.421 753.240 750.854 750.150 749.659 748.682 748.491 748.398 748.314 748.036 747.871 747.712 747.487 747.288 747.061 746.854 746.645 746.571 746.501 746.150 745.433 744.366 743.116 742.313 742.092 741.797 740.864 740.418 740.092 739.884 738.822 738.230 737.721 737.060 736.789 736.395 735.986 734.965 734.017 732.991 731.476 730.742 730.232 729.658 728.809 728.917 728.348 725.686 724.776 724.313 723.858 723.399 723.383 723.332 723.273 723.197 723.044 722.856 722.582
759.437 759.359 758.645 757.685 756.861 755.651 755.080 754.110 752.889 750.002 749.013 748.452 747.717 747.529 747.466 747.432 747.280 747.185 747.111 746.964 746.842 746.750 746.694 746.529 746.422 746.293 745.768 745.039 744.024 742.873 742.275 742.102 741.836 741.157 740.831 740.567 740.250 739.413 739.056 738.688 738.129 737.875 737.451 736.961 735.570 734.467 733.427 731.783 731.077 730.618 729.930 728.674 728.538 727.873 725.313 724.450 723.986 723.569 723.217 723.130 723.031 722.941 722.806 722.709 722.581 722.212
758.283 758.131 757.625 757.021 756.395 755.420 754.960 754.062 752.818 749.710 748.684 748.114 747.490 747.211 746.982 746.792 746.495 746.352 746.228 745.992 745.881 745.834 745.848 745.822 745.718 745.581 745.083 744.499 743.747 742.933 742.408 742.279 742.071 741.613 741.371 741.114 740.782 740.134 739.884 739.662 739.262 739.012 738.549 737.986 736.261 735.044 733.983 732.122 731.379 730.888 730.197 728.727 728.295 727.556 725.119 724.219 723.721 723.342 723.040 722.921 722.810 722.713 722.509 722.406 722.308 722.054
757.084 756.801 756.446 756.299 755.959 755.204 754.909 754.166 753.007 749.975 748.878 748.165 747.407 747.137 746.905 746.709 746.380 746.166 745.916 745.393 745.187 745.040 744.951 744.870 744.799 744.714 744.146 743.512 742.811 742.312 742.504 742.557 742.418 742.108 741.907 741.666 741.484 740.977 740.791 740.783 740.583 740.308 739.751 738.985 736.827 735.547 734.464 732.509 731.690 731.002 730.322 728.869 728.241 727.631 725.542 724.268 723.502 723.081 722.863 722.725 722.579 722.438 722.163 722.036 721.941 721.832
755.496 755.326 755.533 755.597 755.477 755.001 754.789 754.161 753.107 750.431 749.294 748.325 747.139 746.857 746.676 746.564 746.294 746.084 745.841 745.312 745.101 744.916 744.749 744.468 744.365 744.263 743.449 742.753 742.146 741.986 742.560 742.770 742.772 742.525 742.410 742.285 742.190 741.903 741.922 742.144 741.929 741.513 740.817 739.809 737.289 735.958 734.807 732.792 731.856 730.978 730.217 728.748 728.144 727.746 726.131 724.526 723.467 722.902 722.577 722.453 722.314 722.158 721.858 721.687 721.495 721.160
753.754 753.941 754.771 754.769 754.645 754.468 754.370 753.961 753.162 750.807 749.653 748.460 746.431 745.908 745.604 745.452 745.190 745.043 744.929 744.839 744.797 744.700 744.521 744.209 744.126 744.076 743.205 742.342 741.678 741.858 742.693 742.915 743.011 743.041 743.026 742.960 742.929 743.028 743.323 743.575 743.044 742.491 741.670 740.501 737.913 736.500 735.172 732.961 731.949 731.024 730.140 728.579 728.099 727.781 726.491 724.840 723.588 722.823 722.311 722.219 722.089 721.880 721.366 721.138 720.924 720.599
752.108 752.493 753.430 753.385 753.192 753.248 753.366 753.241 752.767 750.794 749.728 748.482 745.772 744.972 744.470 744.160 743.525 743.284 743.177 743.287 743.355 743.368 743.291 743.063 743.184 743.510 742.656 741.806 741.357 741.881 742.947 743.161 743.330 743.683 743.757 743.752 743.853 744.199 744.500 744.714 744.100 743.421 742.391 741.061 738.421 737.034 735.603 733.167 732.140 731.082 730.075 728.545 728.105 727.790 726.783 725.180 723.734 722.741 722.065 721.888 721.692 721.442 720.858 720.664 720.532 720.308
750.544 750.874 751.568 751.541 751.425 751.755 752.002 751.954 751.613 750.164 749.258 748.072 745.182 744.407 743.947 743.649 742.795 742.375 742.115 742.030 742.012 742.001 741.991 741.890 742.062 742.473 741.664 741.171 741.227 741.965 743.133 743.516 743.900 744.414 744.563 744.681 744.812 745.126 745.345 745.531 744.987 744.242 742.959 741.482 738.809 737.506 736.027 733.430 732.297 731.043 730.002 728.598 728.134 727.794 726.743 725.108 723.638 722.598 721.776 721.514 721.289 721.078 720.635 720.471 720.315 719.939
749.397 749.388 749.674 749.842 749.927 750.225 750.441 750.410 750.176 749.180 748.392 747.292 744.577 743.884 743.485 743.228 742.497 742.108 741.851 741.766 741.727 741.688 741.647 741.597 741.616 741.660 740.903 740.832 741.293 741.993 743.188 743.826 744.415 745.199 745.402 745.545 745.658 745.905 746.101 746.139 745.461 744.641 743.258 741.807 739.150 737.906 736.428 733.644 732.340 731.059 730.055 728.672 728.191 727.822 726.483 724.746 723.351 722.389 721.518 721.258 721.050 720.855 720.407 720.198 719.994 719.615
749.396 748.728 748.297 748.587 748.799 748.737 748.676 748.663 748.646 748.088 747.379 746.389 744.058 743.407 743.023 742.799 742.175 741.861 741.655 741.552 741.509 741.471 741.439 741.414 741.378 741.251 740.403 740.524 741.104 741.744 743.056 743.721 744.455 745.718 746.061 746.263 746.430 746.589 746.610 746.465 745.648 744.758 743.439 742.056 739.226 738.029 736.692 733.795 732.393 731.190 730.194 728.703 728.229 727.834 726.438 724.590 723.066 722.054 721.311 721.014 720.764 720.547 720.095 719.898 719.726 719.447
750.661 749.505 747.960 747.928 747.992 747.632 747.153 746.982 747.030 746.824 746.183 745.269 743.430 742.976 742.686 742.476 741.921 741.638 741.434 741.325 741.283 741.247 741.227 741.235 741.147 740.816 740.060 740.310 740.783 741.300 742.544 743.139 743.985 745.710 746.314 746.707 746.939 746.926 746.747 746.498 745.621 744.773 743.540 742.179 739.252 738.064 736.817 733.913 732.540 731.393 730.392 728.797 728.320 727.885 726.404 724.441 722.722 721.600 721.091 720.786 720.505 720.281 719.906 719.774 719.634 718.936
