src/images/mdt.asc
ncols        400
nrows        400
xllcorner    -3.972080343888
yllcorner    40.766720481721
dx           0.000058594719
dy           0.000045529670
[rows 140 to 167 of 400, columns 0 to 62 of 400]
2099.715 2097.365 2094.317 2091.432 2089.529 2088.908 2088.858 2088.917 2088.786 2088.633 2088.483 2087.997 2087.193 2086.457 2085.589 2084.860 2083.984 2082.992 2082.287 2081.733 2081.349 2080.839 2080.331 2079.853 2079.302 2078.736 2078.205 2077.923 2077.241 2076.644 2076.031 2075.619 2075.530 2075.304 2075.061 2074.745 2074.535 2074.287 2073.932 2073.779 2073.609 2073.442 2073.175 2072.994 2072.681 2072.384 2072.170 2071.962 2071.795 2071.558 2071.384 2071.314 2071.106 2071.106 2070.953 2070.743 2070.353 2069.796 2069.063 2068.145 2067.069 2065.762 2064.398
2098.628 2096.278 2093.420 2091.962 2091.779 2091.578 2091.624 2091.467 2090.975 2090.574 2090.127 2089.268 2088.390 2087.605 2086.721 2085.885 2084.976 2084.142 2083.458 2082.971 2082.548 2082.070 2081.598 2081.160 2080.552 2080.007 2079.516 2079.047 2078.518 2078.100 2077.534 2077.219 2076.943 2076.658 2076.462 2076.211 2075.962 2075.693 2075.599 2075.413 2075.143 2074.990 2074.832 2074.524 2074.362 2074.148 2073.899 2073.643 2073.448 2073.323 2073.196 2072.909 2072.909 2072.800 2072.800 2072.465 2072.158 2071.729 2070.952 2070.154 2069.169 2067.972 2066.640
2098.723 2096.680 2094.841 2094.314 2094.135 2093.948 2093.849 2093.413 2092.827 2092.131 2091.358 2090.440 2089.591 2088.623 2087.816 2086.927 2086.057 2085.363 2084.788 2084.253 2083.831 2083.328 2082.776 2082.302 2081.714 2081.146 2080.690 2080.254 2079.765 2079.404 2078.825 2078.542 2078.308 2077.926 2077.666 2077.431 2077.288 2077.034 2076.911 2076.730 2076.663 2076.455 2076.291 2076.118 2075.942 2075.722 2075.474 2075.399 2075.088 2074.894 2074.776 2074.776 2074.545 2074.381 2074.518 2074.131 2073.804 2073.213 2072.634 2071.973 2071.039 2070.045 2068.717
2099.658 2098.116 2097.296 2096.692 2096.272 2096.031 2095.596 2095.006 2094.235 2093.537 2092.539 2091.598 2090.671 2089.680 2088.730 2087.900 2087.247 2086.556 2085.935 2085.389 2084.812 2084.347 2083.777 2083.331 2082.762 2082.322 2081.852 2081.445 2080.943 2080.527 2080.013 2079.761 2079.437 2079.206 2078.918 2078.677 2078.510 2078.281 2078.182 2077.952 2078.005 2077.771 2077.561 2077.456 2077.222 2077.053 2076.888 2076.757 2076.467 2076.300 2076.300 2076.173 2075.930 2075.730 2075.682 2075.530 2075.068 2074.678 2074.105 2073.435 2072.565 2071.678 2070.518
2100.838 2099.971 2099.295 2098.704 2098.201 2097.670 2096.963 2096.231 2095.217 2094.343 2093.470 2092.711 2091.738 2090.691 2089.725 2088.859 2088.317 2087.648 2086.946 2086.368 2085.800 2085.263 2084.890 2084.392 2083.936 2083.409 2082.886 2082.482 2082.069 2081.620 2081.228 2081.049 2080.696 2080.319 2079.971 2079.843 2079.634 2079.428 2079.310 2079.188 2079.080 2078.922 2078.778 2078.797 2078.522 2078.350 2078.156 2077.880 2077.685 2077.685 2077.522 2077.347 2077.229 2077.091 2076.872 2076.654 2076.329 2075.879 2075.343 2074.629 2073.833 2072.905 2071.986
2102.211 2101.652 2100.989 2100.303 2099.733 2099.043 2098.187 2097.432 2096.370 2095.389 2094.463 2093.734 2092.639 2091.670 2090.892 2090.239 2089.515 2088.689 2088.025 2087.194 2086.680 2086.281 2085.746 2085.361 2084.847 2084.278 2083.751 2083.342 2083.113 2082.690 2082.337 2082.032 2081.719 2081.393 2081.102 2080.854 2080.715 2080.499 2080.385 2080.255 2080.175 2080.154 2079.942 2079.853 2079.734 2079.536 2079.436 2079.129 2079.129 2078.979 2078.764 2078.431 2078.436 2078.165 2077.944 2077.676 2077.369 2076.909 2076.345 2075.699 2074.971 2074.053 2073.069
2103.708 2103.207 2102.477 2101.799 2100.955 2100.014 2099.048 2098.267 2097.166 2096.277 2095.351 2094.562 2093.572 2092.792 2091.897 2091.221 2090.546 2089.686 2088.928 2088.229 2087.591 2087.025 2086.716 2086.275 2085.764 2085.277 2084.752 2084.355 2083.970 2083.651 2083.318 2082.989 2082.740 2082.512 2082.266 2081.927 2081.725 2081.549 2081.430 2081.371 2081.263 2081.187 2081.044 2080.937 2080.853 2080.721 2080.550 2080.550 2080.236 2080.093 2080.004 2079.572 2079.351 2079.174 2078.969 2078.662 2078.266 2077.820 2077.245 2076.633 2075.940 2075.112 2074.016
2104.886 2104.274 2103.501 2102.668 2101.935 2100.851 2099.906 2099.048 2098.126 2097.180 2096.224 2095.413 2094.503 2093.766 2092.969 2092.307 2091.494 2090.703 2090.152 2089.384 2088.665 2088.100 2087.768 2087.085 2086.589 2086.241 2085.738 2085.250 2084.827 2084.575 2084.362 2083.932 2083.727 2083.390 2083.227 2082.916 2082.747 2082.628 2082.503 2082.502 2082.380 2082.214 2082.136 2081.956 2081.763 2081.891 2081.891 2081.558 2081.302 2081.157 2080.966 2080.680 2080.370 2080.140 2080.007 2079.652 2079.161 2078.680 2078.109 2077.390 2076.673 2075.688 2074.779
2105.880 2105.197 2104.339 2103.526 2102.635 2101.577 2100.749 2099.855 2099.008 2098.112 2097.181 2096.334 2095.646 2094.746 2094.064 2093.434 2092.625 2091.801 2091.124 2090.459 2089.927 2089.309 2088.747 2088.014 2087.583 2087.126 2086.617 2086.177 2085.887 2085.548 2085.241 2085.082 2084.630 2084.406 2084.177 2083.945 2083.705 2083.588 2083.493 2083.440 2083.428 2083.289 2083.160 2083.035 2082.831 2082.831 2082.955 2082.676 2082.349 2082.161 2082.138 2081.828 2081.441 2081.197 2080.877 2080.505 2080.176 2079.559 2078.869 2078.186 2077.440 2076.565 2075.538
2106.754 2105.983 2105.069 2104.289 2103.415 2102.402 2101.431 2100.723 2099.837 2099.076 2098.131 2097.241 2096.481 2095.775 2095.244 2094.485 2093.686 2092.992 2092.180 2091.535 2091.028 2090.344 2089.736 2089.005 2088.515 2087.951 2087.553 2087.214 2086.990 2086.623 2086.317 2086.128 2085.792 2085.701 2085.484 2085.315 2085.061 2084.703 2084.544 2084.416 2084.403 2084.341 2084.245 2084.015 2084.015 2083.867 2083.681 2083.621 2083.445 2083.249 2083.018 2082.739 2082.421 2082.132 2081.808 2081.472 2081.268 2080.684 2079.813 2079.106 2078.394 2077.395 2076.348
2107.602 2106.685 2105.749 2104.950 2104.118 2103.213 2102.323 2101.532 2100.732 2099.875 2099.033 2098.253 2097.620 2096.924 2096.301 2095.560 2094.844 2094.003 2093.288 2092.625 2092.068 2091.348 2090.621 2090.071 2089.504 2088.902 2088.451 2088.230 2088.103 2087.799 2087.610 2087.385 2087.115 2086.923 2086.749 2086.574 2086.163 2085.936 2085.760 2085.576 2085.392 2085.457 2085.321 2085.321 2085.062 2085.003 2084.745 2084.569 2084.518 2084.213 2084.025 2083.720 2083.314 2083.052 2082.758 2082.458 2082.036 2081.592 2080.856 2080.128 2079.198 2078.320 2077.305
2108.189 2107.453 2106.442 2105.612 2104.869 2103.969 2103.181 2102.258 2101.437 2100.639 2099.897 2099.276 2098.693 2097.972 2097.310 2096.629 2095.831 2095.098 2094.419 2093.678 2092.991 2092.355 2091.759 2091.140 2090.491 2090.024 2089.656 2089.436 2089.327 2089.106 2088.887 2088.720 2088.527 2088.176 2088.025 2087.822 2087.667 2087.231 2087.154 2086.947 2086.672 2086.478 2086.478 2086.383 2086.141 2086.012 2085.767 2085.708 2085.441 2085.171 2085.055 2084.668 2084.298 2084.011 2083.793 2083.502 2083.107 2082.571 2081.947 2081.283 2080.196 2079.124 2078.078
2108.788 2108.035 2107.126 2106.342 2105.490 2104.663 2103.871 2103.044 2102.251 2101.430 2100.815 2100.241 2099.731 2098.975 2098.296 2097.722 2096.954 2096.201 2095.564 2094.705 2094.086 2093.460 2092.853 2092.153 2091.637 2091.376 2091.046 2090.641 2090.515 2090.492 2090.198 2089.929 2089.820 2089.582 2089.260 2089.169 2088.905 2088.628 2088.447 2088.249 2088.073 2088.073 2087.701 2087.485 2087.227 2086.900 2086.869 2086.634 2086.420 2086.161 2085.976 2085.538 2085.203 2084.942 2084.631 2084.257 2083.719 2083.323 2082.938 2082.165 2081.267 2080.040 2078.866
2109.224 2108.457 2107.742 2107.010 2106.240 2105.331 2104.535 2103.801 2102.976 2102.362 2101.914 2101.429 2100.758 2100.046 2099.386 2098.716 2098.014 2097.292 2096.535 2095.887 2095.295 2094.679 2094.041 2093.431 2092.894 2092.592 2092.267 2091.934 2091.692 2091.476 2091.503 2091.272 2090.989 2090.722 2090.637 2090.375 2090.286 2089.917 2089.560 2089.265 2089.265 2089.131 2088.889 2088.715 2088.361 2088.001 2087.835 2087.645 2087.446 2087.080 2086.840 2086.573 2086.200 2085.977 2085.615 2085.245 2084.582 2084.086 2083.567 2082.805 2081.777 2080.766 2079.510
2109.777 2109.046 2108.280 2107.587 2106.800 2106.027 2105.175 2104.550 2103.942 2103.361 2102.812 2102.314 2101.724 2101.072 2100.330 2099.712 2098.975 2098.319 2097.503 2096.958 2096.342 2095.727 2095.007 2094.504 2094.083 2093.680 2093.424 2093.078 2092.822 2092.651 2092.465 2092.360 2092.064 2091.910 2091.731 2091.508 2091.379 2091.047 2090.677 2090.677 2090.384 2090.126 2089.821 2089.607 2089.367 2089.066 2088.919 2088.543 2088.263 2088.026 2087.759 2087.332 2087.160 2086.918 2086.562 2086.190 2085.490 2084.799 2084.220 2083.312 2082.311 2081.236 2079.962
2110.282 2109.567 2108.825 2108.038 2107.240 2106.548 2105.895 2105.470 2104.889 2104.269 2103.685 2103.164 2102.542 2101.914 2101.254 2100.632 2099.910 2099.296 2098.626 2097.996 2097.543 2096.842 2096.057 2095.562 2095.264 2095.021 2094.696 2094.288 2094.090 2093.833 2093.569 2093.484 2093.293 2093.035 2092.824 2092.605 2092.561 2091.987 2091.987 2091.562 2091.166 2090.939 2090.634 2090.318 2090.051 2089.904 2089.545 2089.236 2088.989 2088.874 2088.403 2088.087 2088.025 2087.627 2087.275 2086.807 2086.135 2085.378 2084.722 2083.798 2082.725 2081.475 2080.248
2110.485 2109.987 2109.340 2108.628 2107.731 2107.055 2106.626 2106.222 2105.569 2105.112 2104.617 2104.063 2103.213 2102.572 2101.890 2101.354 2100.865 2100.290 2099.729 2099.008 2098.489 2097.725 2097.243 2096.699 2096.321 2096.003 2095.588 2095.212 2095.108 2094.914 2094.652 2094.500 2094.292 2094.064 2093.809 2093.513 2093.279 2093.279 2092.975 2092.425 2092.040 2091.853 2091.481 2091.127 2090.989 2090.532 2090.172 2090.084 2089.785 2089.504 2089.233 2088.923 2088.393 2088.047 2087.692 2087.200 2086.586 2085.663 2084.789 2084.087 2082.941 2081.719 2080.704
2110.834 2110.392 2109.778 2109.044 2108.519 2108.116 2107.452 2106.929 2106.344 2106.019 2105.406 2104.835 2104.284 2103.599 2102.845 2102.216 2101.665 2101.223 2100.697 2100.024 2099.395 2098.753 2098.146 2097.645 2097.344 2097.023 2096.788 2096.528 2096.012 2095.940 2095.814 2095.525 2095.486 2094.978 2094.618 2094.386 2094.386 2094.202 2093.982 2093.569 2093.106 2092.970 2092.438 2092.137 2091.735 2091.442 2091.021 2090.664 2090.355 2090.171 2089.769 2089.589 2088.958 2088.594 2088.159 2087.584 2086.935 2086.186 2085.223 2084.184 2083.236 2082.185 2080.941
2111.117 2110.838 2110.145 2109.629 2109.295 2108.737 2108.129 2107.815 2107.176 2106.565 2106.232 2105.696 2105.018 2104.629 2103.939 2103.191 2102.545 2102.068 2101.588 2101.171 2100.570 2099.911 2099.292 2098.786 2098.313 2098.043 2097.672 2097.465 2097.090 2096.904 2096.830 2096.583 2096.402 2095.953 2095.480 2095.480 2095.145 2095.028 2094.855 2094.650 2094.273 2093.762 2093.416 2092.986 2092.507 2092.139 2091.949 2091.420 2090.910 2090.547 2090.214 2090.074 2089.504 2089.147 2088.567 2087.848 2087.280 2086.339 2085.394 2084.642 2083.431 2082.382 2081.234
2111.631 2110.953 2110.464 2110.133 2109.818 2109.278 2108.908 2108.389 2108.050 2107.498 2106.814 2106.374 2105.958 2105.397 2104.873 2104.185 2103.676 2102.975 2102.597 2102.049 2101.573 2101.016 2100.448 2099.863 2099.304 2099.268 2098.698 2098.475 2098.202 2098.160 2097.758 2097.500 2097.327 2096.986 2096.986 2096.693 2096.287 2096.032 2095.664 2095.434 2095.262 2094.841 2094.384 2093.946 2093.375 2092.922 2092.460 2092.059 2091.635 2091.363 2090.856 2090.319 2089.770 2089.281 2088.559 2088.043 2087.308 2086.526 2085.669 2084.769 2083.660 2082.375 2081.467
2111.894 2111.362 2110.957 2110.604 2110.317 2109.901 2109.489 2109.076 2108.653 2108.407 2107.657 2107.134 2106.712 2106.187 2105.605 2105.263 2104.783 2104.055 2103.445 2102.947 2102.415 2102.041 2101.461 2101.002 2100.556 2100.313 2100.073 2099.770 2099.377 2099.117 2098.819 2098.586 2098.452 2098.452 2098.308 2098.145 2097.685 2097.206 2096.708 2096.290 2096.104 2095.724 2095.360 2095.038 2094.530 2093.793 2093.146 2092.549 2092.108 2091.720 2091.011 2090.558 2089.857 2089.326 2088.686 2088.010 2087.612 2086.552 2085.631 2084.789 2083.693 2082.630 2081.257
2112.277 2111.840 2111.464 2111.276 2110.859 2110.347 2110.032 2109.677 2109.551 2109.057 2108.479 2108.115 2107.455 2106.907 2106.302 2106.018 2105.857 2105.260 2104.637 2104.090 2103.414 2102.979 2102.607 2102.329 2101.776 2101.523 2101.191 2100.949 2100.570 2100.276 2099.956 2099.578 2099.578 2099.419 2099.444 2099.194 2098.851 2098.290 2097.651 2097.269 2096.924 2096.716 2096.235 2095.829 2095.396 2094.768 2093.831 2093.163 2092.530 2092.153 2091.503 2090.994 2090.254 2089.570 2088.795 2088.065 2087.278 2086.522 2085.675 2084.878 2083.981 2082.832 2081.625
2112.574 2112.364 2112.027 2111.719 2111.352 2110.942 2110.773 2110.283 2110.048 2109.645 2109.237 2108.751 2108.182 2107.501 2107.111 2106.933 2106.556 2106.204 2105.701 2105.206 2104.545 2104.043 2103.608 2103.425 2103.036 2102.740 2102.381 2101.976 2101.754 2101.398 2101.123 2101.123 2100.651 2100.514 2100.316 2100.042 2100.301 2099.505 2099.045 2098.343 2097.911 2097.435 2097.055 2096.625 2096.045 2095.473 2094.406 2093.467 2092.849 2092.227 2091.695 2091.268 2090.428 2089.684 2088.890 2088.329 2087.492 2086.630 2085.871 2085.076 2084.108 2083.090 2081.839
2112.765 2112.706 2112.394 2112.221 2111.925 2111.652 2111.338 2111.001 2110.620 2110.152 2109.788 2109.515 2108.851 2108.319 2107.996 2107.591 2107.384 2107.020 2106.548 2106.293 2105.835 2105.202 2104.749 2104.504 2104.329 2103.952 2103.594 2103.231 2102.837 2102.525 2102.525 2102.297 2101.795 2101.532 2101.234 2101.039 2100.879 2100.511 2100.053 2099.403 2098.763 2098.234 2097.667 2097.222 2096.537 2095.715 2094.764 2094.005 2093.145 2092.345 2091.788 2091.140 2090.605 2089.709 2089.193 2088.229 2087.727 2086.799 2086.030 2085.080 2084.133 2083.188 2082.161
2113.179 2113.128 2112.957 2112.700 2112.400 2112.156 2111.929 2111.558 2111.208 2110.695 2110.404 2110.154 2109.615 2109.189 2109.024 2108.527 2107.953 2107.680 2107.458 2107.269 2106.951 2106.501 2105.991 2105.535 2105.401 2104.952 2104.506 2104.329 2103.914 2103.914 2103.599 2103.281 2102.769 2102.604 2102.117 2101.953 2101.654 2101.121 2100.774 2100.222 2099.694 2099.127 2098.229 2097.566 2096.977 2096.051 2095.057 2094.172 2093.379 2092.492 2091.838 2091.104 2090.383 2089.703 2088.997 2088.094 2087.333 2086.832 2085.994 2085.034 2084.144 2083.174 2082.347
2113.788 2113.531 2113.200 2113.075 2112.831 2112.783 2112.459 2112.275 2111.896 2111.384 2111.060 2110.578 2110.186 2109.956 2109.751 2109.438 2108.854 2108.525 2108.294 2108.378 2108.081 2107.617 2107.140 2106.628 2106.232 2105.703 2105.408 2105.112 2105.112 2104.818 2104.578 2104.132 2103.732 2103.220 2102.736 2102.371 2102.035 2101.616 2101.320 2100.836 2100.189 2099.602 2098.748 2097.983 2097.103 2096.042 2095.124 2094.274 2093.608 2092.739 2092.043 2091.345 2090.560 2089.595 2088.961 2088.031 2087.250 2086.575 2085.784 2084.930 2084.057 2083.266 2082.470
2114.378 2114.103 2113.714 2113.625 2113.249 2113.221 2113.005 2112.890 2112.442 2111.987 2111.576 2111.158 2110.857 2110.694 2110.471 2110.146 2109.893 2109.697 2109.361 2109.321 2109.073 2108.662 2108.144 2107.646 2107.071 2106.572 2106.218 2106.218 2105.910 2105.693 2105.250 2104.965 2104.423 2103.836 2103.548 2102.941 2102.359 2101.911 2101.377 2101.253 2100.329 2099.715 2098.844 2097.978 2097.068 2095.948 2094.941 2094.339 2093.580 2092.688 2092.046 2091.360 2090.579 2089.662 2089.043 2088.142 2087.305 2086.715 2085.765 2084.917 2084.106 2083.441 2082.688
2114.907 2114.817 2114.442 2114.027 2113.755 2113.602 2113.369 2113.244 2113.009 2112.660 2112.213 2111.879 2111.557 2111.316 2111.175 2111.069 2111.048 2110.799 2110.308 2110.027 2109.795 2109.565 2109.081 2108.387 2107.768 2107.362 2107.362 2106.862 2106.345 2106.243 2105.700 2105.461 2104.996 2104.356 2104.241 2103.535 2102.750 2102.118 2101.573 2101.070 2100.193 2099.539 2098.680 2097.802 2097.023 2096.011 2095.006 2094.074 2093.274 2092.503 2091.865 2091.232 2090.763 2089.838 2088.940 2088.047 2087.323 2086.483 2085.774 2085.030 2084.246 2083.361 2082.619
