src/images/mdt.asc
ncols        400
nrows        400
xllcorner    -4.793786656196
yllcorner    40.289823255899
dx           0.000057621080
dy           0.000045930982
[rows 319 to 347 of 400, columns 264 to 329 of 400]
697.947 697.776 697.743 697.703 697.646 697.346 697.165 697.013 696.760 696.653 696.584 696.581 696.601 696.627 696.709 697.124 697.513 698.052 698.354 697.908 697.503 697.285 697.167 697.129 697.098 697.047 696.939 697.003 697.163 697.177 696.898 696.654 696.558 696.506 696.364 695.978 695.094 694.750 694.237 693.716 692.937 692.731 692.579 692.312 692.190 692.107 692.069 692.139 692.183 692.174 691.760 691.273 690.603 689.776 688.349 687.854 687.503 687.016 686.766 686.455 685.912 686.636 687.176 687.191 686.592 686.169
697.493 697.308 697.280 697.254 697.221 696.977 696.814 696.685 696.466 696.352 696.278 696.293 696.399 696.511 696.653 697.035 697.357 697.731 697.846 697.309 696.980 696.901 696.809 696.754 696.691 696.634 696.489 696.439 696.503 696.616 696.573 696.513 696.481 696.431 696.383 696.131 695.020 694.452 693.925 693.417 692.612 692.371 692.174 691.850 691.730 691.686 691.730 692.024 692.119 692.102 691.443 690.832 690.114 689.334 688.078 687.577 687.171 686.655 686.453 686.107 685.331 686.304 687.061 687.141 686.467 686.023
696.999 696.829 696.807 696.798 696.783 696.552 696.431 696.352 696.130 695.993 695.927 696.001 696.172 696.339 696.542 696.856 697.027 697.211 697.256 696.850 696.640 696.607 696.534 696.490 696.419 696.328 696.120 696.012 695.976 696.039 696.086 696.156 696.239 696.335 696.275 696.145 695.115 694.285 693.671 693.167 692.375 692.063 691.779 691.335 691.236 691.273 691.425 691.667 691.600 691.413 690.550 689.998 689.493 689.078 688.314 687.732 687.069 686.143 685.869 685.589 685.132 686.170 686.858 686.984 686.376 685.968
696.336 696.352 696.359 696.358 696.349 696.139 696.040 695.958 695.666 695.512 695.456 695.593 695.744 695.849 696.059 696.404 696.506 696.615 696.623 696.296 696.163 696.126 696.185 696.259 696.197 696.011 695.702 695.612 695.503 695.422 695.460 695.539 695.661 695.983 695.893 695.737 695.075 694.260 693.591 693.055 692.180 691.761 691.382 690.845 690.798 690.937 691.170 691.051 690.822 690.576 689.870 689.598 689.410 689.247 688.360 687.677 686.914 685.741 685.395 685.214 685.168 686.033 686.494 686.580 686.139 685.838
695.805 695.949 695.989 695.995 695.978 695.776 695.662 695.551 695.244 695.092 695.016 695.140 695.258 695.288 695.398 695.618 695.671 695.710 695.701 695.501 695.403 695.329 695.463 695.654 695.652 695.483 695.192 695.141 695.064 694.993 695.053 695.067 695.068 695.160 695.053 694.910 694.596 694.155 693.624 693.086 692.123 691.585 691.100 690.539 690.513 690.637 690.815 690.542 690.363 690.221 689.814 689.646 689.449 689.144 688.037 687.358 686.649 685.493 685.070 684.813 684.883 685.233 685.651 686.081 685.753 685.475
695.114 695.256 695.336 695.381 695.374 695.168 695.002 694.822 694.461 694.284 694.123 694.026 693.897 693.817 693.668 693.597 693.664 693.668 693.680 693.581 693.517 693.591 693.712 693.753 693.859 693.957 693.956 693.804 693.601 693.220 693.050 693.000 693.031 693.091 693.127 693.168 693.186 693.144 692.818 692.341 691.641 691.212 690.754 690.250 690.102 689.943 689.780 689.568 689.483 689.403 689.212 689.058 688.809 688.411 687.332 686.731 686.114 684.973 684.345 683.699 683.451 684.373 685.244 685.657 685.233 684.931
694.714 694.917 695.037 695.115 695.102 694.922 694.773 694.566 694.070 693.834 693.601 693.389 693.115 693.046 692.912 692.834 692.881 692.886 692.952 692.916 692.776 692.756 692.905 692.963 693.018 693.070 692.995 692.814 692.612 692.303 692.243 692.275 692.355 692.462 692.481 692.495 692.509 692.472 692.200 691.785 691.130 690.815 690.496 689.983 689.699 689.399 689.112 688.761 688.667 688.618 688.669 688.589 688.372 687.994 686.985 686.436 685.876 684.613 683.902 683.245 682.790 683.673 684.946 685.490 685.019 684.782
694.235 694.533 694.702 694.823 694.812 694.618 694.484 694.287 693.713 693.399 693.065 692.776 692.358 692.246 692.163 692.141 692.144 692.046 692.013 692.025 691.996 692.001 692.196 692.330 692.352 692.306 692.064 691.889 691.720 691.500 691.497 691.528 691.583 691.769 691.863 691.929 692.021 691.843 691.482 691.061 690.607 690.426 690.213 689.592 689.214 688.855 688.539 688.168 688.065 687.983 687.933 687.851 687.678 687.404 686.631 686.130 685.559 684.167 683.447 682.890 682.429 682.950 684.284 685.037 684.758 684.563
693.688 694.034 694.232 694.393 694.430 694.256 694.124 693.958 693.416 693.025 692.550 692.180 691.675 691.492 691.373 691.312 691.290 691.154 691.028 690.997 691.117 691.182 691.424 691.614 691.574 691.448 691.133 690.980 690.849 690.729 690.769 690.813 690.860 691.096 691.283 691.425 691.497 691.132 690.693 690.349 690.341 690.195 689.928 689.230 688.870 688.511 688.161 687.716 687.587 687.475 687.283 687.174 687.027 686.836 686.212 685.716 685.096 683.654 682.970 682.508 682.238 682.949 684.043 684.586 684.451 684.283
693.142 693.465 693.682 693.889 693.988 693.881 693.755 693.610 693.197 692.830 692.261 691.747 691.181 690.993 690.755 690.521 690.519 690.411 690.277 690.154 690.226 690.267 690.441 690.535 690.438 690.357 690.237 690.107 690.015 689.977 690.069 690.177 690.300 690.576 690.728 690.797 690.539 690.291 690.082 689.954 689.914 689.768 689.548 688.996 688.674 688.307 687.890 687.287 687.132 687.039 686.853 686.733 686.587 686.397 685.707 685.176 684.549 683.137 682.511 682.102 681.976 682.984 683.938 684.282 684.098 683.931
692.562 692.832 693.096 693.399 693.542 693.444 693.320 693.183 692.838 692.549 692.050 691.479 690.867 690.722 690.365 689.900 689.864 689.777 689.653 689.440 689.406 689.362 689.346 689.340 689.252 689.192 689.211 689.297 689.368 689.394 689.476 689.592 689.715 689.912 689.998 689.999 689.748 689.699 689.666 689.622 689.462 689.356 689.216 688.786 688.516 688.178 687.743 686.956 686.737 686.632 686.462 686.334 686.170 685.931 685.187 684.658 684.029 682.731 682.184 681.728 681.617 682.966 683.903 684.070 683.759 683.549
691.968 692.137 692.419 692.799 692.969 692.797 692.644 692.507 692.183 691.931 691.558 691.048 690.331 690.101 689.649 689.150 689.123 689.060 688.916 688.559 688.489 688.432 688.380 688.401 688.383 688.320 688.211 688.338 688.487 688.623 688.666 688.764 688.881 689.111 689.224 689.324 689.414 689.352 689.285 689.238 689.163 689.071 688.936 688.532 688.308 688.049 687.713 686.819 686.476 686.268 686.059 685.898 685.659 685.333 684.611 684.105 683.494 682.406 681.942 681.412 681.312 683.007 683.857 683.847 683.523 683.257
691.526 691.560 691.737 692.015 692.144 691.904 691.670 691.494 691.260 691.061 690.738 690.246 689.349 688.942 688.474 688.133 688.143 688.057 687.909 687.624 687.573 687.524 687.534 687.558 687.576 687.567 687.506 687.537 687.602 687.742 687.799 687.923 688.094 688.508 688.716 688.910 689.083 689.032 688.991 688.977 688.858 688.752 688.618 688.257 688.044 687.819 687.582 686.755 686.315 685.968 685.604 685.384 685.093 684.759 684.012 683.511 682.977 682.074 681.719 681.264 681.177 682.724 683.458 683.510 683.276 682.971
690.912 691.013 691.133 691.221 691.197 690.860 690.568 690.300 689.947 689.783 689.558 689.169 688.310 687.856 687.460 687.184 687.174 687.093 686.999 686.997 687.022 686.972 686.913 686.889 686.866 686.831 686.766 686.797 686.842 687.040 687.190 687.380 687.602 688.088 688.370 688.643 688.872 688.856 688.817 688.760 688.567 688.438 688.293 687.955 687.747 687.523 687.300 686.645 686.214 685.786 685.163 684.871 684.587 684.305 683.563 683.156 682.691 681.784 681.481 680.985 680.728 681.940 682.753 683.002 682.904 682.638
689.880 690.025 690.176 690.216 690.100 689.733 689.473 689.152 688.540 688.339 688.233 688.039 687.432 687.064 686.810 686.628 686.624 686.601 686.550 686.569 686.672 686.685 686.579 686.540 686.491 686.425 686.268 686.235 686.244 686.474 686.646 686.875 687.168 687.750 688.110 688.510 688.815 688.768 688.694 688.593 688.292 688.116 687.939 687.620 687.440 687.239 687.014 686.490 686.155 685.759 684.961 684.593 684.266 683.968 683.221 682.877 682.455 681.536 681.155 680.453 680.085 681.239 682.053 682.419 682.527 682.344
688.788 688.553 688.534 688.535 688.598 688.656 688.496 688.218 687.603 687.368 687.262 687.148 686.746 686.502 686.372 686.307 686.355 686.399 686.381 686.297 686.414 686.469 686.351 686.311 686.262 686.205 686.095 686.068 686.059 686.144 686.230 686.428 686.748 687.477 687.909 688.377 688.731 688.692 688.606 688.460 688.021 687.784 687.563 687.229 687.060 686.875 686.671 686.216 685.980 685.698 684.982 684.617 684.252 683.850 682.830 682.315 681.963 681.338 680.917 680.237 680.018 681.037 681.614 681.974 682.247 682.100
688.001 687.165 686.896 686.856 687.121 687.673 687.669 687.486 687.057 686.862 686.730 686.603 686.293 686.139 686.037 686.015 686.147 686.282 686.329 686.229 686.293 686.300 686.113 686.080 686.045 686.012 685.967 685.961 685.953 685.951 685.968 686.116 686.411 687.236 687.751 688.238 688.499 688.505 688.465 688.333 687.767 687.463 687.185 686.775 686.585 686.385 686.181 685.795 685.627 685.483 685.018 684.736 684.428 683.886 682.436 681.744 681.451 681.131 680.776 680.281 680.083 680.666 681.259 681.642 681.859 681.745
687.488 686.390 686.083 686.119 686.351 686.841 686.927 686.831 686.554 686.421 686.294 686.153 685.868 685.769 685.692 685.680 685.838 686.016 686.107 686.050 686.089 686.078 685.898 685.886 685.874 685.867 685.863 685.862 685.815 685.609 685.584 685.753 686.113 687.040 687.586 688.027 688.099 688.086 688.036 687.909 687.356 687.030 686.688 686.141 685.942 685.764 685.608 685.349 685.232 685.164 684.910 684.694 684.443 683.888 682.246 681.473 681.084 680.688 680.418 679.980 679.686 680.163 680.946 681.315 681.318 681.259
686.973 686.165 685.972 686.023 686.119 686.289 686.323 686.262 686.023 685.892 685.763 685.625 685.398 685.366 685.327 685.237 685.334 685.481 685.565 685.561 685.637 685.720 685.765 685.727 685.679 685.634 685.585 685.550 685.457 685.138 685.136 685.372 685.817 686.669 687.153 687.581 687.639 687.549 687.421 687.250 686.775 686.479 686.115 685.549 685.391 685.264 685.145 684.848 684.687 684.601 684.541 684.434 684.245 683.847 682.347 681.447 680.821 680.046 679.775 679.401 679.267 680.151 680.787 680.971 680.842 680.825
686.495 686.008 685.900 685.880 685.879 685.858 685.834 685.768 685.487 685.328 685.222 685.120 684.980 684.988 684.952 684.783 684.820 684.905 684.965 685.011 685.175 685.360 685.446 685.334 685.231 685.146 685.021 684.949 684.842 684.655 684.783 685.086 685.519 686.074 686.421 686.887 687.112 686.963 686.793 686.603 686.186 685.948 685.659 685.199 685.018 684.812 684.579 684.135 683.957 683.884 683.977 684.008 683.918 683.713 682.516 681.520 680.735 679.492 679.053 678.783 678.889 680.054 680.386 680.499 680.508 680.459
686.225 685.802 685.632 685.482 685.407 685.336 685.315 685.248 684.965 684.818 684.742 684.674 684.584 684.583 684.532 684.360 684.368 684.411 684.457 684.543 684.721 684.887 684.818 684.648 684.526 684.449 684.333 684.282 684.223 684.175 684.386 684.732 685.155 685.667 685.960 686.361 686.542 686.392 686.230 686.059 685.721 685.520 685.273 684.623 684.282 683.946 683.706 683.430 683.341 683.310 683.377 683.452 683.457 683.380 682.451 681.512 680.750 679.142 678.130 677.630 677.711 679.440 679.703 679.964 680.235 680.146
686.040 685.608 685.344 685.069 684.901 684.760 684.740 684.695 684.485 684.368 684.299 684.239 684.165 684.176 684.129 683.941 683.942 683.972 684.015 684.108 684.196 684.263 684.133 683.948 683.815 683.742 683.696 683.695 683.706 683.802 684.000 684.310 684.719 685.374 685.688 686.049 686.169 686.036 685.889 685.726 685.308 684.987 684.580 683.672 683.303 683.026 682.918 682.868 682.841 682.824 682.838 682.892 682.935 682.916 682.315 681.600 680.878 679.048 677.471 676.620 676.556 678.820 679.123 679.471 679.932 679.911
685.865 685.422 685.165 684.857 684.550 684.183 684.150 684.147 684.017 683.908 683.848 683.796 683.713 683.765 683.746 683.538 683.531 683.545 683.566 683.624 683.650 683.666 683.535 683.351 683.227 683.176 683.177 683.196 683.238 683.441 683.654 683.967 684.387 685.025 685.297 685.677 685.907 685.702 685.431 685.129 684.471 684.050 683.565 682.789 682.561 682.416 682.334 682.318 682.339 682.337 682.345 682.361 682.385 682.399 682.225 681.831 681.150 679.262 677.668 676.641 676.324 678.128 678.494 678.904 679.501 679.599
685.800 685.276 685.025 684.675 684.255 683.677 683.600 683.602 683.523 683.430 683.387 683.341 683.242 683.306 683.314 683.150 683.137 683.129 683.120 683.135 683.148 683.158 683.018 682.836 682.734 682.715 682.720 682.737 682.777 683.003 683.216 683.538 684.003 684.681 684.913 685.285 685.430 685.094 684.704 684.320 683.502 683.075 682.682 682.154 681.999 681.896 681.792 681.788 681.858 681.852 681.786 681.761 681.781 681.831 681.917 681.793 681.278 679.565 678.414 677.466 676.861 677.218 677.743 678.303 678.928 679.026
685.624 685.003 684.705 684.350 683.970 683.361 683.189 683.115 683.030 682.982 682.949 682.902 682.829 682.878 682.913 682.837 682.781 682.751 682.731 682.723 682.718 682.704 682.528 682.383 682.310 682.305 682.298 682.306 682.331 682.552 682.752 683.045 683.494 684.280 684.428 684.649 684.676 684.361 684.013 683.643 682.776 682.355 682.051 681.664 681.519 681.421 681.318 681.291 681.361 681.286 681.084 681.076 681.142 681.231 681.409 681.419 681.094 679.619 678.740 677.818 677.048 676.521 677.079 677.758 678.491 678.449
685.259 684.528 684.208 683.913 683.623 683.108 682.907 682.777 682.636 682.573 682.530 682.488 682.463 682.485 682.526 682.522 682.432 682.391 682.375 682.349 682.313 682.267 682.101 682.003 681.951 681.943 681.913 681.911 681.919 682.134 682.327 682.568 682.935 683.721 683.796 683.840 683.844 683.619 683.293 682.868 682.036 681.707 681.505 681.219 681.096 681.007 680.904 680.765 680.718 680.514 680.264 680.314 680.425 680.555 680.777 680.881 680.767 679.565 678.565 677.495 676.656 676.154 676.558 677.211 678.218 678.126
684.782 684.008 683.709 683.443 683.190 682.780 682.606 682.502 682.376 682.244 682.138 682.057 682.035 682.030 682.053 682.123 682.056 682.026 682.018 681.980 681.928 681.879 681.771 681.681 681.615 681.583 681.536 681.528 681.524 681.680 681.786 681.899 682.148 682.918 683.020 683.048 683.058 682.863 682.513 682.061 681.423 681.202 681.037 680.798 680.706 680.608 680.433 680.028 679.822 679.603 679.432 679.478 679.597 679.751 680.027 680.278 680.402 679.625 678.694 677.509 676.545 675.917 676.076 676.585 677.836 677.893
684.141 683.503 683.241 682.992 682.779 682.436 682.241 682.124 682.037 681.920 681.738 681.561 681.451 681.443 681.483 681.701 681.675 681.660 681.658 681.618 681.568 681.528 681.471 681.383 681.292 681.225 681.164 681.138 681.116 681.185 681.173 681.124 681.197 682.001 682.247 682.345 682.366 682.202 681.857 681.471 681.010 680.834 680.669 680.369 680.240 680.074 679.766 679.179 678.959 678.796 678.678 678.698 678.809 678.952 679.263 679.605 679.875 679.485 678.635 677.337 676.228 675.413 675.469 675.922 677.329 677.517
683.470 682.981 682.754 682.554 682.384 682.071 681.848 681.666 681.472 681.398 681.233 681.027 680.756 680.751 680.827 681.209 681.272 681.289 681.293 681.297 681.264 681.221 681.146 681.068 680.968 680.871 680.804 680.747 680.684 680.702 680.656 680.517 680.401 681.096 681.397 681.482 681.584 681.530 681.298 681.034 680.655 680.456 680.274 679.782 679.479 679.209 678.922 678.460 678.307 678.168 678.017 678.023 678.110 678.234 678.545 678.847 679.116 678.959 678.254 677.057 675.903 674.862 674.996 675.454 676.745 677.024
