src/images/mdt.asc
ncols        400
nrows        400
xllcorner    -4.793786656196
yllcorner    40.289823255899
dx           0.000057621080
dy           0.000045930982
[rows 0 to 28 of 400, columns 0 to 65 of 400]
1143.430 1141.988 1138.747 1137.549 1136.890 1136.877 1137.692 1137.944 1138.339 1140.088 1140.748 1141.226 1141.541 1141.792 1141.752 1141.633 1141.046 1140.633 1140.090 1139.550 1139.435 1139.621 1139.406 1139.845 1140.472 1140.813 1141.009 1141.163 1141.106 1140.799 1139.566 1138.880 1138.211 1137.661 1137.026 1136.839 1136.559 1135.616 1135.244 1135.165 1135.277 1135.490 1135.279 1134.955 1134.002 1133.536 1133.068 1132.558 1131.438 1130.833 1130.198 1129.649 1129.841 1130.044 1130.110 1130.240 1130.464 1130.514 1130.228 1130.447 1130.792 1131.203 1132.175 1132.615 1133.014 1133.870
1142.136 1140.796 1137.428 1136.037 1135.234 1135.151 1135.616 1135.800 1136.109 1137.819 1138.616 1139.181 1139.418 1139.455 1139.327 1139.186 1138.872 1138.531 1137.997 1137.462 1137.220 1137.260 1137.101 1137.959 1138.625 1138.886 1139.115 1139.397 1139.329 1139.006 1137.776 1137.020 1136.290 1135.700 1134.905 1134.633 1134.389 1133.603 1133.154 1133.017 1133.110 1133.416 1133.285 1133.000 1131.875 1131.286 1130.758 1130.248 1129.237 1128.838 1128.456 1128.016 1128.042 1128.084 1128.059 1128.233 1128.417 1128.462 1128.352 1128.607 1128.987 1129.427 1130.429 1130.922 1131.394 1132.186
1141.044 1139.698 1136.403 1134.629 1133.316 1132.897 1133.705 1134.036 1134.276 1135.742 1136.570 1137.155 1137.279 1136.937 1136.719 1136.663 1136.834 1136.699 1136.247 1135.640 1135.057 1134.971 1135.037 1135.978 1136.490 1136.705 1136.898 1137.279 1137.237 1136.915 1135.622 1134.783 1134.201 1133.734 1132.741 1132.317 1132.024 1131.335 1130.898 1130.809 1130.955 1131.295 1131.215 1130.929 1129.578 1128.819 1128.178 1127.660 1126.934 1126.716 1126.525 1126.228 1126.225 1126.233 1126.181 1126.168 1126.117 1126.107 1126.570 1126.920 1127.343 1127.843 1128.936 1129.425 1129.860 1130.500
1140.364 1138.828 1135.477 1133.545 1131.823 1130.908 1131.914 1132.320 1132.406 1133.832 1134.741 1135.343 1135.462 1135.051 1134.801 1134.724 1134.911 1134.911 1134.607 1133.996 1132.982 1132.857 1133.154 1133.965 1134.285 1134.567 1134.843 1135.124 1134.873 1134.454 1133.216 1132.502 1132.105 1131.717 1130.538 1130.013 1129.638 1128.973 1128.582 1128.507 1128.666 1129.032 1128.927 1128.614 1127.308 1126.456 1125.690 1125.086 1124.425 1124.238 1124.111 1124.136 1124.233 1124.303 1124.328 1124.443 1124.458 1124.482 1124.992 1125.378 1125.831 1126.401 1127.584 1128.077 1128.443 1128.935
1139.640 1137.897 1134.299 1132.344 1130.486 1129.188 1129.511 1129.918 1130.015 1131.576 1132.548 1133.162 1133.381 1133.325 1133.251 1133.184 1133.018 1132.941 1132.714 1132.135 1130.821 1130.629 1130.993 1131.733 1131.988 1132.323 1132.642 1132.680 1132.281 1131.894 1130.940 1130.449 1130.064 1129.619 1128.429 1127.826 1127.315 1126.549 1126.166 1126.033 1126.151 1126.577 1126.467 1126.174 1125.021 1124.152 1123.274 1122.506 1121.852 1121.682 1121.540 1121.761 1122.048 1122.278 1122.368 1122.553 1122.702 1122.882 1123.553 1124.012 1124.557 1125.189 1126.399 1126.894 1127.196 1127.585
1138.907 1136.999 1132.769 1130.753 1128.995 1127.597 1127.026 1127.311 1127.412 1128.976 1129.936 1130.559 1130.869 1131.099 1131.195 1131.255 1131.047 1130.840 1130.569 1130.058 1128.637 1128.317 1128.619 1129.292 1129.543 1129.754 1129.945 1129.933 1129.736 1129.592 1128.939 1128.491 1128.002 1127.479 1126.383 1125.706 1125.052 1124.024 1123.616 1123.466 1123.596 1124.113 1124.011 1123.733 1122.715 1121.891 1120.949 1119.997 1119.274 1119.106 1118.919 1119.313 1119.780 1120.155 1120.235 1120.532 1120.858 1121.230 1122.072 1122.640 1123.325 1124.027 1125.228 1125.678 1125.950 1126.323
1138.220 1136.299 1131.956 1129.898 1128.046 1126.210 1124.375 1124.408 1124.499 1126.068 1127.273 1128.260 1128.599 1128.758 1128.788 1128.887 1128.868 1128.699 1128.421 1127.906 1126.450 1125.997 1126.155 1126.729 1126.921 1127.050 1127.163 1127.299 1127.428 1127.501 1127.101 1126.595 1125.959 1125.338 1124.276 1123.609 1122.918 1121.610 1121.119 1120.960 1121.125 1121.710 1121.641 1121.397 1120.467 1119.699 1118.787 1117.799 1116.789 1116.514 1116.265 1116.982 1117.525 1117.904 1118.031 1118.497 1118.882 1119.342 1120.622 1121.399 1122.234 1123.016 1124.166 1124.531 1124.794 1125.200
1137.429 1135.529 1131.811 1129.869 1127.791 1125.248 1121.776 1121.401 1121.496 1122.810 1124.063 1125.450 1126.126 1126.453 1126.417 1126.451 1126.602 1126.552 1126.265 1125.738 1124.352 1123.854 1123.866 1124.322 1124.484 1124.581 1124.666 1124.865 1125.155 1125.400 1125.344 1124.822 1124.076 1123.317 1122.138 1121.531 1120.873 1119.406 1118.824 1118.592 1118.698 1119.259 1119.303 1119.191 1118.393 1117.695 1116.875 1115.973 1114.499 1114.030 1113.740 1114.716 1115.291 1115.633 1115.788 1116.357 1116.848 1117.480 1119.253 1120.297 1121.336 1122.206 1123.316 1123.614 1123.886 1124.298
1136.781 1134.779 1131.365 1129.651 1127.776 1125.389 1121.050 1119.789 1119.205 1119.692 1120.637 1121.957 1123.029 1124.053 1124.109 1124.038 1124.140 1124.102 1123.789 1123.348 1122.068 1121.588 1121.618 1122.133 1122.276 1122.351 1122.428 1122.718 1123.051 1123.328 1123.428 1123.031 1122.367 1121.577 1120.122 1119.514 1118.880 1117.391 1116.727 1116.356 1116.303 1116.765 1116.913 1116.937 1116.389 1115.835 1115.141 1114.324 1112.354 1111.615 1111.305 1112.385 1112.892 1113.172 1113.358 1114.353 1115.031 1115.719 1117.760 1119.005 1120.236 1121.219 1122.374 1122.762 1123.106 1123.570
1136.315 1134.248 1130.642 1128.998 1127.420 1125.689 1121.625 1119.723 1118.285 1117.350 1117.877 1118.930 1120.042 1121.569 1121.652 1121.450 1121.241 1121.040 1120.811 1120.576 1119.351 1118.806 1118.910 1119.570 1119.742 1119.995 1120.268 1120.754 1121.044 1121.263 1121.339 1121.080 1120.580 1119.883 1118.328 1117.700 1117.064 1115.549 1114.762 1114.198 1113.936 1114.228 1114.425 1114.553 1114.235 1113.847 1113.318 1112.622 1110.487 1109.453 1108.802 1109.700 1110.281 1110.704 1111.123 1112.517 1113.230 1113.824 1116.207 1117.615 1118.891 1119.935 1121.182 1121.632 1122.019 1122.804
1135.737 1133.690 1129.907 1128.141 1126.541 1125.116 1121.757 1119.856 1118.082 1115.662 1115.500 1116.273 1117.389 1118.963 1119.048 1118.880 1118.299 1117.860 1117.666 1117.484 1116.378 1116.018 1116.205 1116.950 1117.204 1117.531 1117.954 1118.740 1118.985 1119.175 1119.195 1118.956 1118.537 1117.956 1116.611 1115.994 1115.320 1113.688 1112.824 1112.105 1111.618 1111.644 1111.862 1112.060 1111.905 1111.647 1111.274 1110.718 1108.720 1107.531 1106.428 1107.271 1108.103 1108.662 1109.089 1110.627 1111.401 1111.982 1114.309 1115.780 1117.120 1118.313 1119.854 1120.139 1120.448 1121.555
1134.872 1132.839 1129.185 1127.290 1125.496 1124.118 1121.350 1119.706 1117.863 1114.771 1113.945 1113.959 1114.636 1116.008 1116.411 1116.453 1115.645 1115.026 1114.697 1114.383 1113.400 1113.165 1113.335 1114.158 1114.567 1114.947 1115.417 1116.530 1116.932 1117.185 1117.093 1116.820 1116.462 1115.999 1114.768 1114.109 1113.379 1111.647 1110.780 1109.984 1109.311 1108.999 1109.204 1109.452 1109.528 1109.375 1109.100 1108.656 1106.749 1105.468 1104.231 1105.220 1106.091 1106.598 1106.848 1108.848 1109.804 1110.274 1112.375 1113.744 1115.061 1116.428 1118.226 1118.358 1118.638 1119.394
1133.703 1131.570 1127.944 1126.042 1124.099 1122.701 1120.337 1119.063 1117.430 1114.326 1113.182 1112.467 1112.362 1113.057 1113.729 1113.883 1112.924 1112.256 1111.793 1111.414 1110.546 1110.300 1110.383 1111.096 1111.645 1112.218 1112.826 1114.194 1114.843 1115.226 1115.061 1114.827 1114.552 1114.173 1112.837 1112.067 1111.267 1109.455 1108.511 1107.593 1106.748 1106.195 1106.411 1106.765 1107.199 1107.115 1106.838 1106.419 1104.626 1103.354 1102.063 1102.808 1103.699 1104.292 1104.588 1106.683 1107.725 1108.085 1110.401 1111.820 1112.918 1114.060 1115.640 1115.960 1116.585 1117.170
1132.604 1130.350 1126.290 1124.571 1122.959 1121.714 1119.253 1117.944 1116.533 1113.605 1112.045 1111.022 1110.751 1110.290 1110.314 1110.520 1110.146 1109.614 1109.140 1108.730 1108.015 1107.868 1107.855 1108.304 1108.857 1109.463 1110.118 1111.595 1112.406 1112.932 1112.927 1112.786 1112.577 1112.240 1110.858 1110.010 1109.156 1107.292 1106.196 1105.061 1103.977 1103.301 1103.581 1104.087 1104.851 1104.802 1104.478 1103.964 1102.406 1101.273 1099.851 1100.457 1101.477 1102.133 1102.563 1104.058 1104.978 1105.659 1108.336 1109.803 1110.662 1111.354 1112.630 1113.270 1113.954 1114.313
1132.397 1130.135 1125.620 1123.955 1122.730 1121.374 1117.977 1116.415 1115.122 1112.221 1110.243 1109.147 1108.905 1107.606 1106.977 1107.185 1107.655 1107.284 1106.866 1106.454 1105.723 1105.495 1105.366 1105.734 1106.236 1106.715 1107.260 1108.653 1109.410 1109.987 1110.407 1110.391 1110.256 1109.981 1108.758 1107.966 1107.171 1105.361 1104.177 1102.887 1101.588 1100.645 1100.939 1101.562 1102.406 1102.328 1101.997 1101.520 1100.114 1098.981 1097.537 1098.272 1099.331 1100.017 1100.644 1101.842 1102.594 1103.677 1106.193 1107.442 1108.316 1108.803 1109.754 1110.491 1111.004 1110.776
1133.248 1131.028 1126.066 1124.088 1122.630 1120.917 1117.271 1115.531 1113.720 1110.351 1108.576 1107.266 1106.261 1104.449 1104.227 1104.628 1105.474 1105.324 1104.989 1104.546 1103.516 1103.135 1102.928 1103.270 1103.683 1104.033 1104.420 1105.559 1106.177 1106.716 1107.547 1107.705 1107.692 1107.522 1106.587 1105.941 1105.266 1103.513 1102.343 1101.057 1099.704 1098.358 1098.525 1099.089 1099.802 1099.799 1099.637 1099.313 1097.841 1096.589 1095.194 1095.902 1097.007 1097.921 1098.719 1099.955 1100.567 1101.535 1103.575 1104.602 1105.493 1106.046 1106.810 1107.522 1108.067 1107.537
1134.249 1131.996 1126.959 1124.834 1123.043 1121.261 1117.942 1115.926 1113.501 1109.437 1107.777 1106.209 1104.693 1102.013 1101.560 1101.799 1102.849 1103.221 1103.039 1102.606 1101.346 1100.775 1100.483 1100.823 1101.152 1101.422 1101.725 1102.661 1103.126 1103.591 1104.652 1104.957 1105.098 1105.095 1104.459 1103.917 1103.286 1101.533 1100.434 1099.235 1097.924 1096.229 1096.209 1096.649 1097.278 1097.419 1097.438 1097.121 1095.610 1094.368 1092.956 1093.591 1094.836 1095.959 1096.793 1097.954 1098.445 1099.208 1100.947 1101.624 1102.186 1102.738 1103.791 1104.484 1104.890 1104.302
1135.082 1132.968 1128.561 1126.449 1124.467 1122.640 1119.099 1116.982 1114.771 1110.673 1108.793 1107.371 1105.768 1101.550 1099.875 1099.048 1099.734 1100.505 1100.524 1100.283 1099.307 1098.826 1098.562 1098.623 1098.836 1099.041 1099.251 1099.843 1100.202 1100.643 1101.802 1102.242 1102.572 1102.773 1102.380 1101.898 1101.273 1099.544 1098.471 1097.273 1095.922 1094.106 1094.054 1094.521 1095.126 1095.156 1095.043 1094.678 1093.182 1092.034 1090.646 1091.399 1092.851 1094.025 1094.836 1095.946 1096.386 1096.988 1098.407 1098.889 1099.184 1099.563 1100.592 1101.189 1101.483 1101.106
1136.400 1134.676 1130.609 1128.257 1126.098 1124.232 1120.533 1118.545 1116.649 1112.966 1111.151 1109.603 1107.628 1102.198 1099.169 1096.787 1095.949 1096.997 1097.621 1097.971 1097.739 1097.309 1096.888 1096.306 1096.407 1096.600 1096.796 1097.137 1097.502 1097.970 1099.079 1099.675 1100.182 1100.516 1100.320 1099.908 1099.310 1097.607 1096.471 1095.173 1093.711 1092.061 1092.101 1092.579 1093.030 1092.869 1092.568 1092.170 1090.507 1089.342 1088.032 1089.167 1090.859 1092.051 1092.865 1094.076 1094.524 1094.945 1095.929 1096.365 1096.646 1096.922 1097.650 1098.027 1098.227 1098.070
1138.118 1136.478 1132.319 1129.845 1127.618 1125.765 1122.072 1120.176 1118.344 1114.683 1112.870 1110.960 1108.753 1102.960 1099.188 1095.911 1092.922 1093.725 1094.598 1095.254 1095.723 1095.462 1095.011 1093.865 1093.672 1093.822 1094.136 1094.546 1094.922 1095.420 1096.595 1097.266 1097.855 1098.270 1098.225 1097.854 1097.281 1095.608 1094.483 1093.185 1091.718 1090.204 1090.217 1090.565 1090.780 1090.549 1090.215 1089.766 1087.909 1086.612 1085.437 1087.139 1088.927 1090.044 1090.868 1092.202 1092.702 1093.103 1093.848 1094.178 1094.358 1094.474 1094.896 1095.149 1095.255 1095.313
1139.491 1137.631 1133.579 1131.318 1129.152 1127.214 1123.361 1121.428 1119.567 1115.866 1113.930 1111.798 1109.460 1103.924 1100.795 1097.671 1092.544 1091.596 1091.342 1091.394 1091.764 1092.191 1092.409 1091.556 1091.156 1091.178 1091.486 1091.978 1092.281 1092.729 1094.010 1094.761 1095.455 1095.992 1096.006 1095.630 1095.079 1093.560 1092.582 1091.442 1090.087 1088.405 1088.253 1088.470 1088.544 1088.284 1087.915 1087.411 1085.537 1084.126 1083.016 1084.875 1086.661 1087.773 1088.630 1090.118 1090.764 1091.247 1091.900 1092.220 1092.344 1092.282 1092.324 1092.569 1092.712 1092.960
1140.794 1138.659 1134.594 1132.539 1130.534 1128.532 1124.389 1122.317 1120.344 1116.644 1114.728 1112.644 1110.427 1105.644 1103.361 1100.794 1094.988 1092.289 1090.166 1088.610 1087.456 1088.262 1089.039 1089.042 1088.722 1088.706 1088.984 1089.541 1089.707 1089.993 1091.140 1091.980 1092.816 1093.505 1093.791 1093.446 1092.863 1091.470 1090.655 1089.698 1088.456 1086.535 1086.201 1086.298 1086.329 1086.067 1085.676 1085.176 1083.498 1082.180 1080.869 1082.009 1083.807 1085.174 1086.215 1087.918 1088.656 1089.221 1089.837 1090.073 1090.264 1090.210 1089.951 1090.104 1090.262 1090.695
1142.203 1139.886 1135.531 1133.496 1131.557 1129.525 1125.281 1123.168 1121.111 1117.245 1115.310 1113.326 1111.324 1107.138 1105.042 1102.820 1097.877 1094.904 1091.853 1088.965 1085.412 1085.570 1086.057 1086.307 1086.209 1086.361 1086.722 1087.041 1087.103 1087.284 1088.263 1089.131 1090.066 1090.909 1091.766 1091.468 1090.765 1089.459 1088.772 1087.937 1086.791 1084.821 1084.237 1084.003 1083.948 1083.790 1083.464 1083.038 1081.649 1080.515 1078.954 1079.175 1080.938 1082.601 1083.888 1085.743 1086.420 1086.942 1087.602 1087.694 1087.735 1087.678 1087.459 1087.511 1087.591 1087.989
1143.280 1140.921 1136.460 1134.358 1132.267 1130.213 1126.149 1124.097 1122.047 1118.011 1115.908 1113.829 1111.819 1107.864 1105.862 1103.719 1099.153 1096.678 1093.797 1090.674 1085.464 1084.425 1083.935 1083.290 1083.268 1083.612 1084.180 1084.452 1084.449 1084.535 1085.439 1086.400 1087.477 1088.457 1089.680 1089.391 1088.600 1087.578 1087.055 1086.330 1085.296 1083.327 1082.424 1081.697 1081.341 1081.348 1081.233 1080.925 1079.712 1078.695 1077.155 1076.759 1078.347 1080.232 1081.676 1083.577 1084.141 1084.532 1085.096 1085.162 1085.088 1085.019 1085.027 1085.089 1085.058 1085.027
1144.302 1141.857 1137.392 1135.252 1133.123 1131.121 1127.035 1124.925 1122.905 1118.808 1116.640 1114.514 1112.437 1108.391 1106.379 1104.269 1099.864 1097.762 1095.125 1092.009 1086.134 1084.394 1083.071 1080.913 1080.306 1080.355 1081.000 1081.754 1081.727 1081.712 1082.608 1083.711 1084.980 1086.112 1087.048 1086.824 1086.247 1085.584 1085.189 1084.497 1083.534 1081.645 1080.600 1079.565 1078.798 1078.858 1078.969 1078.831 1077.814 1076.993 1075.743 1074.745 1075.894 1077.870 1079.439 1081.461 1081.930 1082.245 1082.707 1082.811 1082.764 1082.720 1082.748 1082.724 1082.620 1082.266
1145.770 1143.203 1138.495 1136.361 1134.422 1132.479 1128.064 1125.763 1123.738 1119.758 1117.587 1115.432 1113.294 1109.038 1106.906 1104.878 1100.614 1098.158 1095.680 1093.038 1087.420 1085.173 1083.181 1079.809 1078.415 1077.622 1077.633 1078.807 1078.902 1078.849 1079.685 1080.762 1082.063 1083.378 1084.326 1084.262 1083.997 1083.458 1083.041 1082.334 1081.441 1079.619 1078.588 1077.485 1076.445 1076.501 1076.734 1076.722 1075.996 1075.396 1074.464 1073.063 1073.668 1075.431 1077.012 1079.290 1079.755 1080.100 1080.525 1080.565 1080.567 1080.586 1080.599 1080.468 1080.286 1079.945
1147.420 1144.710 1139.876 1137.855 1135.942 1133.899 1129.140 1126.648 1124.588 1120.881 1118.693 1116.448 1114.197 1109.813 1107.813 1106.046 1101.577 1098.412 1095.772 1093.480 1088.696 1086.360 1084.108 1079.910 1077.773 1076.057 1075.115 1075.659 1075.674 1075.563 1076.781 1077.762 1078.835 1080.113 1081.656 1081.896 1081.917 1081.406 1080.932 1080.271 1079.451 1077.534 1076.442 1075.306 1074.000 1074.070 1074.513 1074.651 1074.239 1073.813 1073.057 1071.507 1071.631 1072.975 1074.453 1076.910 1077.469 1077.924 1078.367 1078.326 1078.388 1078.470 1078.477 1078.379 1078.222 1077.866
1148.993 1146.147 1141.454 1139.720 1137.593 1135.234 1130.135 1127.595 1125.453 1121.705 1119.593 1117.362 1115.072 1110.530 1108.427 1106.501 1101.941 1098.908 1096.240 1093.894 1089.371 1087.168 1084.994 1080.444 1078.025 1075.885 1074.265 1072.773 1072.024 1071.468 1073.694 1074.988 1076.009 1077.013 1078.682 1079.249 1079.606 1079.310 1078.873 1078.253 1077.386 1075.410 1074.260 1073.005 1071.364 1071.422 1072.155 1072.614 1072.635 1072.369 1071.675 1069.884 1069.602 1070.642 1072.067 1074.543 1075.124 1075.601 1076.082 1076.073 1076.172 1076.306 1076.482 1076.452 1076.342 1075.791
1150.518 1147.750 1143.164 1141.728 1139.387 1136.731 1131.309 1128.734 1126.459 1122.359 1120.249 1117.970 1115.637 1110.996 1108.609 1106.279 1101.705 1099.223 1096.830 1094.534 1089.879 1087.538 1085.266 1080.893 1078.677 1076.527 1074.533 1071.373 1069.739 1068.256 1070.477 1072.332 1073.731 1074.577 1075.812 1076.377 1076.856 1076.850 1076.532 1075.996 1075.113 1073.145 1072.005 1070.656 1068.837 1068.855 1069.683 1070.474 1071.075 1070.866 1070.242 1068.335 1067.873 1068.864 1070.243 1072.423 1072.875 1073.261 1073.766 1073.849 1074.014 1074.195 1074.395 1074.390 1074.286 1073.636
