src/images/mdt.asc
ncols        400
nrows        400
xllcorner    -3.972080343888
yllcorner    40.766720481721
dx           0.000058594719
dy           0.000045529670
[rows 28 to 55 of 400, columns 126 to 188 of 400]
2069.651 2070.664 2071.395 2071.982 2072.702 2073.225 2073.435 2073.773 2073.880 2073.893 2073.818 2073.785 2073.490 2073.003 2072.404 2071.769 2071.003 2069.960 2068.919 2067.872 2067.017 2066.254 2065.349 2064.400 2063.202 2062.074 2060.888 2059.316 2057.543 2056.435 2055.483 2055.864 2057.261 2058.552 2059.598 2060.204 2060.625 2061.151 2061.475 2061.475 2061.889 2062.423 2062.819 2063.276 2063.898 2064.347 2064.760 2065.035 2065.444 2065.993 2066.490 2067.212 2068.006 2068.582 2069.384 2069.931 2070.498 2071.157 2071.715 2072.124 2072.996 2073.643 2074.304
2068.677 2069.551 2070.555 2071.091 2071.712 2072.308 2072.620 2072.728 2072.903 2073.057 2072.909 2072.797 2072.640 2072.147 2071.494 2070.813 2069.974 2068.926 2067.906 2066.892 2066.036 2065.151 2064.250 2063.297 2062.231 2060.932 2059.697 2058.277 2056.620 2054.948 2054.159 2054.885 2056.118 2057.394 2058.376 2058.906 2059.359 2059.666 2059.666 2060.073 2060.562 2061.069 2061.563 2062.091 2062.581 2063.077 2063.441 2063.811 2064.289 2064.733 2065.316 2066.039 2066.757 2067.346 2068.159 2068.696 2069.284 2069.790 2070.294 2070.911 2071.849 2072.364 2073.130
2067.773 2068.679 2069.377 2070.148 2070.744 2071.275 2071.665 2071.963 2072.132 2072.214 2072.065 2071.783 2071.600 2071.128 2070.523 2069.907 2069.031 2068.027 2066.914 2065.873 2065.026 2064.075 2063.174 2062.163 2061.123 2059.994 2058.585 2057.297 2055.704 2054.004 2053.080 2053.784 2055.089 2056.342 2057.227 2057.714 2058.017 2058.017 2058.352 2058.838 2059.253 2059.673 2060.265 2060.755 2061.382 2061.740 2062.077 2062.542 2063.048 2063.587 2064.198 2064.909 2065.595 2066.163 2066.904 2067.547 2068.069 2068.545 2069.011 2069.649 2070.447 2071.305 2071.990
2066.859 2067.654 2068.413 2069.124 2069.937 2070.456 2070.697 2071.053 2071.229 2071.184 2071.022 2070.872 2070.640 2070.145 2069.610 2068.787 2067.878 2067.075 2065.990 2065.019 2063.980 2062.982 2062.059 2061.027 2059.986 2058.956 2057.596 2056.155 2054.905 2053.622 2052.215 2052.470 2054.043 2055.137 2055.844 2056.384 2056.384 2056.693 2057.187 2057.490 2057.945 2058.484 2059.013 2059.478 2060.106 2060.569 2060.764 2061.137 2061.644 2062.221 2062.906 2063.648 2064.210 2064.888 2065.664 2066.270 2066.806 2067.307 2067.767 2068.461 2069.147 2069.957 2070.860
2065.851 2066.652 2067.578 2068.129 2068.787 2069.194 2069.715 2069.972 2070.174 2070.107 2070.019 2069.753 2069.577 2069.189 2068.845 2067.889 2067.041 2066.175 2065.197 2064.142 2063.104 2062.033 2061.057 2059.924 2058.878 2057.803 2056.539 2055.088 2053.945 2052.932 2051.628 2051.451 2052.467 2053.661 2054.593 2054.593 2055.111 2055.488 2055.830 2056.194 2056.698 2057.313 2057.674 2058.041 2058.993 2059.086 2059.351 2059.773 2060.302 2060.894 2061.425 2062.203 2062.789 2063.360 2064.124 2064.917 2065.498 2065.942 2066.519 2067.092 2067.803 2068.736 2069.586
2064.769 2065.685 2066.724 2067.311 2067.712 2068.170 2068.681 2068.910 2068.983 2069.012 2068.900 2068.680 2068.349 2068.100 2067.568 2066.894 2066.204 2065.378 2064.417 2063.357 2062.222 2061.190 2060.100 2058.964 2057.831 2056.825 2055.401 2054.009 2052.841 2052.436 2051.161 2050.374 2051.022 2052.190 2052.190 2053.341 2053.726 2054.150 2054.586 2054.858 2055.281 2055.907 2056.246 2056.638 2057.007 2057.462 2058.065 2058.425 2058.947 2059.285 2059.901 2060.579 2061.103 2061.798 2062.759 2063.304 2063.872 2064.505 2065.073 2065.665 2066.458 2067.367 2068.058
2063.725 2064.544 2065.427 2066.230 2066.765 2067.205 2067.614 2067.825 2067.984 2067.927 2067.834 2067.640 2067.390 2067.101 2066.563 2065.931 2065.341 2064.617 2063.660 2062.532 2061.538 2060.383 2059.227 2058.109 2056.978 2055.785 2054.441 2052.877 2051.726 2051.063 2050.626 2049.310 2049.539 2049.539 2050.573 2051.928 2052.535 2053.063 2053.386 2053.533 2053.983 2054.343 2054.855 2055.301 2055.586 2056.086 2056.527 2056.964 2057.443 2057.691 2058.195 2058.727 2059.303 2060.120 2060.797 2061.454 2062.190 2062.862 2063.596 2064.188 2065.018 2065.886 2066.640
2062.672 2063.464 2064.211 2065.112 2065.891 2066.232 2066.623 2066.865 2066.919 2066.961 2066.788 2066.643 2066.370 2066.061 2065.666 2065.068 2064.480 2063.770 2062.893 2061.747 2060.636 2059.544 2058.374 2057.309 2056.098 2054.681 2053.460 2051.827 2050.467 2049.636 2049.636 2048.536 2048.536 2047.628 2049.067 2050.582 2051.289 2051.820 2051.990 2052.146 2052.625 2052.900 2053.335 2053.775 2054.214 2054.641 2055.084 2055.427 2055.778 2056.136 2056.390 2056.962 2057.503 2058.107 2058.999 2059.697 2060.487 2061.291 2061.978 2062.634 2063.375 2064.391 2065.277
2061.512 2062.333 2063.130 2063.955 2064.633 2065.018 2065.456 2065.900 2065.901 2066.033 2065.981 2065.800 2065.549 2065.110 2064.766 2064.133 2063.654 2062.964 2061.995 2060.834 2059.783 2058.775 2057.566 2056.407 2055.204 2053.896 2052.308 2050.943 2049.356 2048.064 2048.118 2048.118 2047.409 2046.082 2047.518 2049.548 2050.186 2050.580 2050.663 2050.903 2051.033 2051.414 2051.841 2052.351 2052.749 2053.296 2053.639 2053.833 2054.201 2054.636 2054.870 2055.193 2055.833 2056.411 2057.239 2058.131 2058.994 2059.766 2060.409 2061.094 2061.774 2062.670 2063.603
2060.371 2061.159 2061.933 2062.674 2063.511 2063.989 2064.525 2064.849 2064.954 2064.990 2064.813 2064.690 2064.414 2064.161 2063.857 2063.339 2062.678 2062.089 2061.181 2060.144 2059.127 2057.944 2056.787 2055.552 2054.286 2052.904 2051.194 2049.592 2048.022 2046.779 2046.779 2046.366 2046.082 2045.100 2046.426 2048.232 2049.004 2049.543 2049.496 2049.734 2049.846 2050.082 2050.483 2050.825 2051.412 2051.871 2052.113 2052.319 2052.613 2052.886 2053.289 2053.630 2054.308 2054.979 2055.718 2056.567 2057.507 2058.258 2058.894 2059.431 2060.099 2060.829 2061.561
2059.086 2060.044 2060.907 2061.573 2062.242 2062.862 2063.477 2063.745 2063.890 2064.022 2063.817 2063.595 2063.443 2063.236 2062.959 2062.380 2061.853 2061.230 2060.378 2059.467 2058.292 2057.082 2055.849 2054.507 2053.233 2051.752 2050.159 2048.387 2046.621 2046.621 2045.314 2044.884 2044.400 2044.105 2045.569 2047.425 2047.997 2048.494 2048.463 2048.600 2048.661 2048.988 2049.234 2049.426 2049.958 2050.251 2050.505 2050.773 2051.050 2051.270 2051.665 2052.208 2052.899 2053.605 2054.333 2055.032 2055.868 2056.780 2057.324 2057.778 2058.449 2059.010 2059.835
2057.637 2058.692 2059.756 2060.439 2061.147 2061.739 2062.257 2062.607 2062.829 2062.772 2062.785 2062.604 2062.359 2062.213 2061.961 2061.467 2060.957 2060.389 2059.595 2058.677 2057.488 2056.217 2055.010 2053.668 2052.193 2050.670 2049.051 2047.337 2047.337 2045.166 2043.757 2043.423 2043.170 2043.428 2045.210 2046.544 2046.973 2047.344 2047.404 2047.428 2047.481 2047.708 2047.889 2047.991 2048.260 2048.349 2048.757 2049.148 2049.518 2049.866 2050.274 2050.946 2051.641 2052.179 2052.804 2053.459 2054.178 2055.138 2055.650 2056.184 2056.673 2057.281 2058.107
2056.211 2057.409 2058.327 2059.169 2059.960 2060.486 2061.099 2061.418 2061.746 2061.735 2061.726 2061.552 2061.394 2061.245 2061.181 2060.752 2060.044 2059.447 2058.683 2057.785 2056.717 2055.506 2054.160 2052.819 2051.297 2049.710 2047.951 2047.951 2045.928 2043.723 2042.157 2041.745 2041.984 2043.398 2044.733 2045.407 2045.810 2046.140 2046.267 2046.367 2046.396 2046.429 2046.471 2046.515 2046.547 2046.906 2047.155 2047.573 2047.967 2048.289 2048.847 2049.380 2050.095 2050.754 2051.288 2051.848 2052.677 2053.479 2054.064 2054.558 2055.079 2055.637 2055.911
2054.926 2056.071 2057.212 2057.998 2058.836 2059.328 2059.895 2060.291 2060.694 2060.593 2060.637 2060.638 2060.409 2060.272 2059.958 2059.658 2059.116 2058.614 2057.925 2056.983 2055.995 2054.843 2053.437 2051.932 2050.373 2048.632 2048.632 2046.860 2044.447 2042.071 2040.326 2040.343 2041.820 2043.244 2043.963 2044.423 2044.670 2044.802 2045.026 2045.314 2045.217 2045.207 2045.203 2045.136 2045.169 2045.339 2045.518 2045.926 2046.407 2046.725 2047.327 2047.867 2048.467 2049.200 2049.689 2050.293 2050.967 2051.800 2052.412 2052.921 2053.463 2053.979 2054.380
2053.511 2054.689 2055.879 2056.659 2057.418 2058.242 2058.729 2059.239 2059.243 2059.376 2059.451 2059.575 2059.443 2059.288 2059.017 2058.548 2058.102 2057.541 2056.917 2056.109 2055.431 2054.178 2052.767 2051.107 2049.347 2049.347 2047.655 2045.635 2043.149 2040.317 2038.640 2039.814 2041.144 2042.155 2042.952 2043.188 2043.386 2043.616 2043.682 2043.912 2043.811 2043.848 2043.836 2043.848 2043.759 2043.878 2044.052 2044.308 2044.752 2045.228 2045.750 2046.365 2046.831 2047.464 2048.037 2048.663 2049.281 2050.030 2050.619 2051.298 2051.696 2052.231 2051.412
2052.196 2053.410 2054.701 2055.474 2056.270 2056.883 2057.602 2058.048 2058.049 2058.154 2058.306 2058.433 2058.388 2058.137 2057.858 2057.496 2057.146 2056.801 2056.071 2055.378 2054.325 2053.138 2051.823 2050.299 2050.299 2048.588 2046.632 2044.526 2041.856 2038.644 2037.680 2039.194 2040.222 2041.092 2041.846 2042.012 2042.127 2042.302 2042.452 2042.694 2042.536 2042.560 2042.560 2042.760 2042.402 2042.534 2042.697 2042.679 2042.979 2043.364 2043.948 2044.535 2045.168 2045.864 2046.480 2047.069 2047.762 2048.467 2049.066 2049.686 2050.225 2049.440 2050.090
2050.958 2052.039 2053.228 2054.136 2054.989 2055.575 2056.313 2056.724 2056.903 2057.045 2057.257 2057.190 2057.103 2056.863 2056.681 2056.352 2055.959 2055.431 2054.842 2054.289 2053.338 2052.199 2050.854 2050.854 2049.368 2047.690 2045.585 2043.378 2040.640 2037.394 2036.762 2037.961 2039.136 2039.813 2040.321 2040.713 2040.794 2040.913 2041.131 2041.241 2041.220 2041.267 2041.224 2041.131 2040.917 2041.098 2041.196 2041.227 2041.526 2041.937 2042.580 2043.138 2043.763 2044.485 2045.093 2045.678 2046.394 2047.088 2047.687 2048.273 2047.521 2048.190 2048.963
2049.565 2050.740 2051.909 2052.936 2053.600 2054.323 2054.905 2055.284 2055.767 2055.872 2055.936 2055.875 2055.684 2055.552 2055.375 2055.084 2054.735 2054.291 2053.691 2053.013 2052.190 2051.125 2051.125 2049.905 2048.385 2046.735 2044.648 2042.297 2039.664 2036.489 2035.636 2036.985 2037.775 2038.470 2038.880 2039.063 2039.374 2039.576 2039.780 2039.827 2039.839 2039.876 2039.734 2039.596 2039.481 2039.576 2039.700 2040.008 2040.237 2040.723 2041.351 2041.900 2042.426 2043.075 2043.699 2044.341 2044.866 2045.615 2046.314 2045.592 2046.268 2046.986 2047.735
2048.394 2049.414 2050.602 2051.525 2052.317 2053.046 2053.505 2054.201 2054.552 2054.595 2054.641 2054.552 2054.421 2054.249 2054.074 2053.720 2053.415 2052.992 2052.414 2051.803 2051.111 2051.111 2050.045 2048.747 2047.317 2045.681 2043.603 2041.427 2038.867 2035.842 2034.568 2035.097 2036.178 2037.006 2037.377 2037.822 2038.256 2038.321 2038.325 2038.616 2038.524 2038.557 2038.398 2038.396 2038.157 2038.132 2038.278 2039.010 2039.060 2039.401 2039.875 2040.573 2041.234 2041.788 2042.244 2042.909 2043.635 2044.290 2043.597 2044.276 2045.103 2045.786 2046.659
2046.932 2048.024 2048.999 2050.077 2050.876 2051.831 2052.112 2052.759 2053.104 2053.294 2053.451 2053.347 2053.117 2052.717 2052.592 2052.399 2051.977 2051.826 2051.091 2050.476 2050.476 2049.930 2048.621 2047.592 2046.261 2044.607 2042.751 2040.295 2038.123 2035.736 2033.246 2033.488 2034.557 2035.038 2035.600 2036.086 2036.628 2036.819 2036.879 2037.217 2037.318 2037.303 2037.015 2037.073 2037.026 2036.834 2036.914 2037.661 2037.883 2038.137 2038.643 2039.280 2039.815 2040.482 2040.940 2041.532 2042.259 2041.564 2042.170 2043.058 2043.811 2044.550 2045.570
2045.623 2046.764 2047.817 2048.828 2049.295 2050.409 2050.871 2051.529 2051.700 2052.085 2052.168 2052.000 2051.762 2051.233 2051.154 2050.991 2050.511 2050.356 2049.473 2049.473 2049.075 2048.290 2047.200 2046.479 2045.042 2043.597 2041.751 2039.502 2037.525 2035.391 2032.599 2032.057 2032.771 2033.165 2033.969 2034.546 2035.128 2035.202 2035.344 2035.716 2035.824 2035.641 2035.713 2035.728 2035.573 2035.576 2035.793 2036.223 2036.489 2036.955 2037.534 2037.992 2038.474 2039.153 2039.649 2040.282 2039.495 2040.191 2040.825 2041.834 2042.644 2043.564 2044.472
2044.094 2045.684 2046.538 2047.343 2047.870 2048.780 2049.435 2050.128 2050.317 2050.560 2050.681 2050.765 2050.472 2049.964 2049.646 2049.153 2049.062 2048.654 2048.654 2047.964 2047.699 2046.607 2045.782 2045.087 2043.687 2042.392 2040.664 2038.734 2036.954 2035.059 2032.739 2030.662 2030.790 2031.301 2032.115 2032.809 2033.539 2033.793 2033.967 2034.372 2034.394 2034.386 2034.561 2034.442 2034.190 2034.220 2034.532 2034.909 2035.296 2035.725 2036.447 2036.652 2037.257 2037.693 2038.216 2037.519 2038.027 2038.834 2039.379 2040.572 2041.436 2042.361 2043.297
2042.684 2043.739 2045.066 2045.801 2046.412 2047.273 2048.150 2048.872 2048.874 2049.390 2049.443 2049.492 2049.255 2048.971 2048.227 2047.570 2047.589 2047.589 2046.982 2046.588 2045.999 2045.220 2044.668 2043.567 2042.398 2041.377 2039.773 2038.235 2036.528 2034.745 2032.831 2030.609 2028.667 2028.914 2030.002 2031.107 2031.789 2032.145 2032.657 2032.727 2032.937 2033.095 2032.936 2033.050 2032.956 2033.033 2033.420 2033.738 2033.964 2034.491 2035.086 2035.417 2036.041 2036.193 2035.664 2035.924 2036.708 2037.294 2037.953 2039.149 2040.037 2041.096 2041.874
2041.289 2042.215 2043.354 2044.183 2045.193 2045.632 2046.718 2047.305 2047.530 2047.936 2047.966 2048.222 2047.953 2047.905 2047.018 2046.172 2046.172 2045.899 2045.276 2045.210 2044.477 2043.813 2043.393 2042.306 2041.259 2040.380 2038.737 2037.353 2035.853 2034.204 2032.511 2030.195 2027.950 2027.136 2028.579 2029.555 2030.263 2030.795 2031.114 2031.313 2031.489 2031.811 2031.603 2031.486 2031.765 2031.908 2032.134 2032.338 2032.630 2033.079 2033.487 2033.928 2034.666 2033.424 2034.300 2034.756 2035.488 2035.809 2036.703 2037.734 2038.828 2039.708 2040.591
2040.382 2041.089 2042.133 2042.728 2043.755 2044.246 2044.947 2045.691 2046.219 2046.571 2046.767 2046.834 2046.676 2046.881 2046.216 2046.216 2045.263 2044.306 2043.934 2043.858 2043.189 2042.682 2042.054 2041.190 2040.338 2039.293 2037.841 2036.524 2034.986 2033.418 2031.854 2029.446 2027.116 2025.765 2026.608 2027.904 2028.513 2029.369 2029.670 2029.786 2030.021 2030.276 2030.225 2030.342 2030.496 2030.720 2030.938 2031.084 2031.385 2031.566 2031.798 2032.466 2031.265 2031.953 2032.686 2033.471 2034.232 2034.611 2035.574 2036.595 2037.633 2038.540 2039.421
2038.622 2039.493 2040.688 2041.170 2042.135 2042.690 2043.672 2044.381 2044.964 2045.150 2045.543 2045.458 2045.618 2045.430 2045.430 2045.115 2044.485 2043.280 2042.574 2042.519 2041.929 2041.738 2040.822 2040.023 2039.387 2038.155 2037.002 2035.656 2034.070 2032.615 2031.042 2028.689 2026.231 2023.989 2025.045 2026.190 2027.045 2027.640 2028.098 2028.363 2028.795 2028.994 2028.791 2029.230 2029.326 2029.305 2029.426 2029.634 2029.793 2029.822 2030.079 2029.116 2029.496 2030.464 2031.120 2031.996 2032.637 2033.390 2034.563 2035.393 2036.548 2037.283 2038.198
2036.792 2037.709 2038.979 2039.596 2040.606 2041.210 2042.180 2042.539 2043.190 2043.436 2044.181 2044.259 2044.483 2044.483 2044.095 2044.063 2043.840 2042.727 2041.740 2041.231 2040.960 2040.588 2039.817 2039.021 2038.444 2037.164 2036.124 2034.637 2032.826 2031.490 2029.765 2027.936 2025.756 2022.450 2023.306 2024.820 2025.770 2026.360 2026.581 2026.967 2027.419 2027.182 2027.335 2027.768 2027.927 2027.801 2028.065 2028.209 2028.340 2028.153 2027.071 2027.548 2028.170 2028.987 2029.800 2030.705 2031.589 2032.384 2033.289 2034.250 2035.160 2036.100 2037.378
2034.868 2036.050 2037.259 2038.235 2038.823 2039.524 2040.449 2041.003 2041.512 2041.844 2042.549 2042.882 2042.882 2043.231 2043.058 2043.058 2042.767 2042.244 2041.122 2040.190 2039.891 2039.469 2038.785 2038.215 2037.344 2036.133 2035.053 2033.413 2031.744 2030.664 2028.597 2026.975 2025.177 2022.074 2022.051 2023.452 2024.207 2024.660 2025.060 2025.724 2025.855 2025.813 2026.211 2026.433 2026.346 2026.430 2026.680 2026.940 2026.633 2025.301 2025.900 2026.349 2026.866 2027.817 2028.437 2029.546 2030.226 2031.142 2031.829 2032.834 2033.846 2035.032 2036.200
