src/images/mdt.asc
ncols        400
nrows        400
xllcorner    -3.972080343888
yllcorner    40.766720481721
dx           0.000058594719
dy           0.000045529670
[rows 84 to 111 of 400, columns 189 to 251 of 400]
2008.754 2010.135 2011.487 2012.858 2014.178 2015.760 2017.129 2018.447 2019.860 2021.567 2021.567 2022.763 2024.392 2026.057 2027.604 2029.197 2030.600 2032.213 2033.826 2035.351 2036.767 2038.213 2039.603 2040.929 2042.496 2043.797 2044.745 2045.916 2046.906 2048.408 2049.840 2051.190 2052.361 2053.781 2054.788 2055.898 2056.792 2057.808 2058.790 2059.520 2060.160 2060.730 2061.388 2061.977 2062.631 2062.903 2063.175 2063.419 2063.569 2062.378 2062.345 2062.618 2062.083 2061.724 2061.732 2061.674 2061.426 2061.275 2061.281 2060.782 2060.339 2059.708 2058.935
2008.156 2009.373 2010.558 2012.104 2013.726 2015.050 2016.417 2017.883 2019.300 2019.300 2020.825 2022.304 2023.859 2025.447 2026.946 2028.395 2029.967 2031.768 2033.391 2034.846 2036.228 2037.890 2039.191 2040.377 2041.778 2043.160 2044.301 2045.551 2046.560 2047.833 2049.165 2050.517 2051.573 2052.811 2053.958 2055.067 2056.038 2056.907 2057.843 2058.503 2059.125 2059.777 2060.397 2060.817 2061.219 2061.708 2062.113 2062.298 2060.909 2061.026 2060.620 2060.942 2060.655 2060.128 2060.106 2060.154 2059.494 2059.068 2058.572 2058.433 2058.289 2057.784 2057.275
2007.466 2008.751 2009.996 2011.526 2013.043 2014.435 2015.832 2017.401 2017.401 2019.017 2020.340 2021.816 2023.486 2024.948 2026.375 2027.922 2029.498 2031.330 2032.763 2034.509 2035.992 2037.306 2038.707 2040.068 2041.220 2042.638 2043.763 2044.724 2045.879 2047.146 2048.504 2049.743 2050.973 2052.034 2053.194 2054.261 2055.209 2055.937 2056.730 2057.291 2058.150 2058.574 2059.425 2059.716 2059.980 2060.437 2060.753 2059.401 2059.426 2059.448 2058.936 2058.727 2058.891 2058.696 2058.141 2058.204 2057.948 2057.426 2056.803 2056.395 2056.233 2056.049 2055.385
2006.860 2008.103 2009.380 2010.852 2012.374 2013.646 2015.350 2015.350 2016.717 2018.296 2019.797 2021.281 2022.810 2024.305 2025.884 2027.296 2028.864 2030.625 2032.250 2033.919 2035.411 2036.885 2038.170 2039.501 2040.712 2042.007 2043.276 2044.182 2045.234 2046.451 2047.617 2048.892 2050.049 2051.210 2052.324 2053.134 2054.026 2054.922 2055.682 2056.224 2056.871 2057.372 2057.892 2058.171 2058.579 2058.879 2057.609 2057.674 2057.564 2057.285 2056.981 2057.039 2057.009 2056.678 2056.293 2055.638 2055.761 2055.413 2055.072 2054.337 2054.073 2054.100 2053.552
2006.032 2007.345 2008.726 2010.150 2011.512 2013.129 2013.129 2014.766 2016.225 2017.670 2019.167 2020.683 2022.339 2023.712 2025.294 2026.734 2028.377 2030.145 2031.615 2033.267 2034.843 2036.277 2037.603 2038.923 2039.985 2041.376 2042.625 2043.732 2044.675 2045.683 2046.683 2048.062 2049.091 2050.196 2051.240 2052.247 2052.969 2053.553 2054.247 2055.007 2055.408 2055.903 2056.595 2056.771 2056.968 2055.572 2055.757 2056.047 2055.684 2055.170 2054.870 2054.706 2054.703 2054.673 2054.445 2053.993 2053.818 2053.461 2053.300 2052.490 2052.134 2051.767 2051.719
2005.372 2006.671 2007.976 2009.308 2010.887 2010.887 2012.592 2014.114 2015.500 2017.064 2018.637 2020.124 2021.720 2023.193 2024.868 2026.339 2027.901 2029.586 2031.090 2033.052 2034.402 2035.725 2037.090 2038.202 2039.504 2040.702 2041.830 2042.809 2043.745 2044.886 2045.990 2047.049 2048.038 2049.122 2050.263 2051.057 2051.778 2052.233 2052.812 2053.379 2054.018 2054.438 2054.807 2055.047 2053.047 2053.309 2053.821 2054.042 2053.733 2053.217 2052.725 2052.618 2052.562 2052.471 2052.420 2052.451 2052.163 2051.847 2051.285 2050.947 2050.353 2049.854 2049.782
2004.695 2005.941 2007.248 2008.633 2008.633 2010.357 2012.024 2013.343 2014.835 2016.387 2018.126 2019.403 2020.971 2022.610 2024.228 2025.735 2027.282 2029.022 2030.338 2032.369 2033.747 2035.080 2036.470 2037.605 2038.781 2039.930 2040.912 2041.985 2043.048 2044.072 2045.230 2046.110 2047.247 2048.169 2048.917 2049.580 2050.244 2050.752 2051.227 2051.732 2052.399 2052.562 2052.811 2051.060 2050.946 2051.192 2051.370 2051.411 2051.502 2051.046 2050.672 2050.479 2050.328 2050.737 2050.786 2050.802 2050.621 2050.039 2049.871 2049.415 2048.761 2048.286 2048.173
2004.086 2005.280 2006.641 2006.641 2008.126 2009.705 2011.108 2012.654 2014.238 2015.790 2017.363 2018.808 2020.333 2022.066 2023.691 2025.154 2026.738 2028.316 2029.774 2031.392 2033.040 2034.545 2036.128 2037.124 2038.010 2039.166 2040.129 2041.178 2042.162 2043.101 2044.106 2045.123 2046.105 2046.962 2047.558 2048.336 2048.673 2049.149 2049.660 2049.995 2050.271 2050.585 2048.761 2048.800 2048.984 2049.028 2049.103 2048.678 2048.965 2048.834 2048.627 2048.432 2048.615 2048.839 2048.882 2048.673 2048.906 2048.396 2048.224 2047.680 2047.021 2046.369 2046.174
2003.363 2004.767 2004.767 2006.201 2007.527 2008.909 2010.387 2011.846 2013.428 2015.105 2016.580 2017.969 2019.685 2021.431 2023.142 2024.609 2026.194 2027.568 2029.064 2030.711 2032.405 2033.827 2035.138 2036.173 2037.271 2038.200 2039.349 2040.449 2041.314 2042.226 2043.066 2043.989 2044.855 2045.583 2046.093 2046.786 2047.249 2047.656 2048.118 2048.286 2048.472 2046.677 2046.613 2046.682 2046.891 2047.048 2046.915 2046.789 2046.503 2046.579 2046.650 2046.572 2046.632 2046.863 2046.870 2046.873 2046.858 2046.654 2046.256 2045.769 2045.273 2044.626 2044.234
2002.684 2002.684 2004.033 2005.615 2007.054 2008.325 2009.706 2011.278 2013.010 2014.439 2015.847 2017.419 2018.969 2020.807 2022.449 2023.996 2025.527 2026.821 2028.346 2030.236 2031.553 2032.876 2034.409 2035.259 2036.525 2037.508 2038.480 2039.580 2040.380 2041.347 2042.585 2042.964 2043.609 2044.363 2044.922 2045.485 2045.837 2046.322 2046.256 2046.545 2044.786 2044.670 2044.697 2044.607 2044.813 2045.348 2044.951 2044.729 2044.587 2044.674 2044.651 2044.777 2044.685 2044.728 2044.790 2044.855 2044.809 2044.491 2044.137 2043.727 2043.541 2042.771 2042.345
2000.722 2002.140 2003.395 2004.965 2006.253 2007.716 2009.175 2010.600 2012.155 2013.615 2015.217 2016.822 2018.512 2020.212 2021.825 2023.379 2024.831 2026.182 2027.749 2029.389 2030.693 2032.086 2033.294 2034.617 2035.460 2036.597 2037.647 2038.722 2039.547 2040.287 2041.174 2041.756 2042.454 2043.196 2043.509 2043.873 2044.207 2044.472 2044.620 2042.809 2042.837 2042.829 2042.843 2042.813 2042.947 2043.102 2042.705 2042.596 2042.602 2042.721 2042.891 2042.834 2042.735 2042.790 2042.724 2042.797 2042.844 2042.441 2042.365 2042.117 2041.444 2040.830 2040.360
2000.124 2001.437 2002.744 2004.305 2005.622 2007.076 2008.512 2009.806 2011.349 2012.960 2014.652 2016.356 2017.966 2019.657 2021.215 2022.847 2024.173 2025.446 2026.955 2028.572 2029.930 2031.052 2032.336 2033.693 2034.462 2035.426 2036.590 2037.647 2038.317 2039.062 2040.050 2040.548 2041.020 2041.307 2041.721 2042.235 2042.575 2042.797 2041.035 2041.120 2041.129 2040.880 2040.939 2040.963 2040.958 2040.745 2040.565 2040.568 2040.764 2040.859 2041.069 2040.921 2040.718 2040.694 2040.703 2040.560 2040.443 2040.261 2040.159 2039.944 2039.107 2038.716 2038.342
1999.481 2000.855 2002.076 2003.536 2004.911 2006.348 2007.793 2009.174 2010.586 2012.146 2013.719 2015.896 2017.376 2018.969 2020.395 2022.022 2023.389 2024.673 2026.187 2027.796 2029.107 2030.095 2031.132 2032.582 2033.456 2034.552 2035.683 2036.386 2037.249 2037.913 2038.588 2039.111 2039.442 2039.715 2040.263 2040.737 2040.912 2038.985 2039.086 2039.289 2039.190 2039.038 2039.154 2039.167 2039.033 2038.864 2038.873 2038.755 2038.754 2038.990 2039.225 2038.960 2038.653 2038.503 2038.486 2038.410 2038.308 2038.060 2037.698 2037.166 2036.763 2036.460 2036.364
1998.824 2000.205 2001.406 2002.713 2004.102 2005.759 2007.120 2008.452 2009.781 2011.306 2013.056 2014.890 2016.700 2018.223 2019.688 2021.197 2022.689 2023.919 2025.578 2026.713 2028.173 2029.464 2030.309 2031.652 2032.338 2033.406 2034.547 2035.400 2036.165 2036.638 2037.155 2037.983 2038.020 2038.504 2038.670 2039.007 2037.197 2037.250 2037.449 2037.531 2037.555 2037.398 2037.333 2037.314 2037.265 2037.259 2037.165 2036.958 2036.986 2037.070 2037.006 2036.938 2036.717 2036.558 2036.273 2035.960 2035.941 2035.677 2035.311 2034.975 2034.627 2034.237 2034.177
1998.145 1999.418 2000.699 2002.065 2003.510 2005.144 2006.464 2007.857 2009.271 2010.796 2012.411 2014.238 2015.867 2017.473 2018.827 2020.501 2021.955 2023.362 2024.795 2026.011 2027.210 2028.373 2029.511 2030.446 2031.223 2032.158 2033.198 2034.105 2034.732 2035.049 2035.685 2035.990 2036.500 2036.983 2037.129 2035.676 2035.679 2035.783 2035.863 2035.933 2035.863 2035.815 2035.746 2035.616 2035.466 2035.359 2035.201 2035.167 2035.248 2035.252 2035.322 2035.075 2034.939 2034.708 2034.456 2033.927 2033.627 2033.199 2032.958 2032.879 2032.549 2032.216 2032.080
1997.484 1998.814 2000.004 2001.557 2002.900 2004.476 2005.705 2007.322 2008.661 2010.265 2011.846 2013.577 2015.103 2016.757 2018.174 2019.626 2021.101 2022.569 2023.828 2025.165 2026.461 2027.531 2028.491 2029.509 2030.229 2031.167 2031.882 2032.386 2033.101 2033.511 2034.102 2034.408 2034.946 2035.150 2033.542 2033.846 2034.166 2034.311 2034.369 2034.429 2034.239 2034.233 2034.089 2033.990 2033.823 2033.630 2033.575 2033.425 2033.347 2033.354 2033.249 2033.131 2032.931 2032.593 2032.611 2031.904 2031.790 2031.094 2030.830 2030.789 2030.332 2030.087 2030.033
1996.892 1998.240 1999.710 2001.119 2002.511 2003.980 2005.557 2006.648 2007.953 2009.721 2011.259 2012.843 2014.517 2016.132 2017.463 2018.827 2020.203 2021.637 2022.959 2024.604 2025.786 2026.659 2027.768 2028.687 2029.297 2029.917 2030.455 2031.039 2031.569 2032.204 2032.551 2032.541 2033.302 2031.586 2031.936 2032.220 2032.465 2032.806 2032.955 2032.811 2032.620 2032.522 2032.437 2032.342 2031.973 2031.818 2031.828 2031.842 2031.717 2031.504 2031.252 2031.122 2030.773 2030.430 2030.214 2029.721 2029.317 2029.110 2028.788 2028.515 2028.238 2028.110 2028.168
1996.260 1997.696 1999.078 2000.583 2002.094 2003.565 2004.815 2006.167 2007.407 2009.212 2010.530 2012.279 2013.739 2015.374 2016.685 2018.061 2019.405 2020.769 2022.162 2023.583 2024.721 2025.659 2026.695 2027.456 2028.131 2029.065 2029.233 2029.514 2030.270 2030.725 2030.937 2031.089 2030.040 2030.331 2030.764 2031.015 2031.119 2031.297 2031.260 2031.140 2030.936 2030.776 2030.663 2030.520 2030.182 2030.037 2030.057 2030.012 2029.889 2029.522 2029.351 2029.035 2028.594 2028.401 2028.282 2027.860 2027.357 2026.564 2026.346 2026.376 2026.152 2025.800 2025.623
1995.615 1997.044 1998.503 2000.009 2001.605 2003.011 2004.298 2005.565 2006.939 2008.573 2010.148 2011.912 2013.113 2014.460 2016.113 2017.484 2018.605 2019.989 2021.293 2022.574 2023.625 2024.755 2025.738 2026.267 2026.915 2027.906 2028.117 2028.179 2028.718 2029.507 2029.830 2028.841 2028.978 2029.040 2029.359 2029.533 2029.573 2029.629 2029.637 2029.404 2029.132 2028.904 2028.809 2028.619 2028.452 2028.193 2028.127 2027.899 2027.745 2027.440 2027.055 2026.769 2026.566 2026.296 2026.226 2025.999 2025.232 2024.689 2024.249 2024.242 2024.019 2023.818 2023.380
1995.012 1996.460 1997.950 1999.334 2000.880 2002.400 2003.683 2004.941 2006.378 2007.718 2009.614 2010.994 2012.453 2013.707 2015.428 2016.488 2017.716 2018.918 2020.235 2021.532 2022.701 2023.453 2024.400 2025.063 2025.687 2026.145 2026.545 2027.138 2027.624 2028.201 2027.353 2027.369 2027.401 2027.421 2027.573 2027.849 2027.942 2027.795 2027.621 2027.388 2027.414 2026.979 2026.852 2026.593 2026.407 2026.395 2026.285 2026.026 2025.733 2025.403 2024.929 2024.680 2024.371 2024.191 2024.075 2023.779 2023.157 2022.470 2021.848 2021.647 2021.783 2021.533 2021.215
1994.612 1995.939 1997.333 1998.858 2000.272 2001.750 2003.029 2004.360 2005.846 2007.207 2008.776 2010.224 2011.583 2013.091 2014.420 2015.611 2016.768 2017.927 2019.226 2020.532 2021.520 2022.154 2023.353 2023.690 2024.047 2024.890 2025.326 2025.566 2026.206 2025.589 2026.232 2026.212 2026.149 2026.432 2025.983 2026.127 2025.851 2025.972 2025.662 2025.367 2025.276 2025.009 2024.849 2024.697 2024.549 2024.485 2024.200 2024.162 2023.583 2023.253 2022.814 2022.564 2022.181 2021.965 2021.749 2021.311 2020.882 2020.172 2019.592 2019.212 2019.835 2019.239 2018.797
1993.991 1995.298 1996.762 1998.657 1999.836 2001.255 2002.601 2003.864 2005.064 2006.651 2008.127 2009.343 2010.646 2012.273 2013.683 2014.879 2016.077 2017.165 2018.175 2019.234 2020.150 2020.784 2021.772 2022.525 2022.791 2023.528 2024.068 2024.369 2023.945 2024.212 2024.384 2024.665 2024.657 2024.479 2024.281 2023.962 2023.790 2023.792 2023.610 2023.523 2023.387 2023.204 2022.945 2022.848 2022.573 2022.421 2022.187 2021.637 2021.330 2020.898 2020.573 2020.329 2019.847 2019.631 2019.194 2018.699 2018.368 2017.816 2017.262 2016.969 2017.023 2016.836 2016.382
1993.363 1994.747 1996.448 1997.929 1999.420 2000.706 2002.225 2003.418 2004.750 2006.064 2007.406 2008.611 2010.105 2011.658 2012.970 2014.191 2015.342 2016.398 2017.394 2018.235 2019.046 2019.727 2020.497 2021.138 2021.465 2022.277 2022.623 2021.718 2022.580 2022.662 2022.744 2022.902 2022.872 2022.693 2022.508 2022.133 2021.860 2021.912 2021.701 2021.600 2021.436 2021.197 2020.977 2020.811 2020.578 2020.312 2019.819 2019.373 2019.189 2018.644 2018.219 2017.670 2017.566 2017.133 2016.629 2015.945 2016.105 2015.424 2015.002 2014.725 2014.426 2014.224 2013.760
1992.928 1994.400 1995.712 1997.341 1998.836 2000.228 2001.665 2002.977 2004.426 2005.913 2007.030 2008.216 2009.378 2011.306 2012.342 2013.330 2014.580 2015.647 2016.937 2017.551 2018.269 2019.037 2019.746 2020.132 2020.632 2020.844 2020.200 2020.376 2020.408 2020.734 2020.714 2020.950 2020.873 2020.750 2020.578 2020.471 2020.264 2020.131 2019.867 2019.713 2019.469 2019.252 2019.063 2018.751 2018.639 2017.993 2017.627 2017.173 2016.851 2016.461 2016.009 2015.445 2015.150 2014.669 2014.192 2013.804 2013.542 2013.125 2012.679 2012.627 2012.043 2011.784 2011.153
1992.271 1993.717 1995.169 1996.811 1998.347 1999.708 2001.099 2002.488 2003.865 2005.265 2006.598 2007.789 2008.879 2010.308 2011.618 2012.670 2013.840 2015.016 2015.926 2016.723 2017.433 2017.727 2018.230 2018.862 2019.397 2018.298 2018.522 2018.760 2018.779 2019.075 2018.976 2018.893 2018.971 2018.787 2018.850 2018.709 2018.606 2018.416 2018.055 2017.749 2017.599 2017.396 2017.082 2016.793 2016.443 2016.006 2015.540 2015.251 2014.824 2014.282 2013.835 2013.319 2012.929 2012.535 2012.065 2011.527 2011.103 2010.794 2010.542 2010.064 2009.603 2009.146 2008.682
1991.519 1993.002 1994.569 1996.243 1997.671 1999.142 2000.615 2002.026 2003.555 2004.972 2006.268 2007.356 2008.550 2009.633 2010.911 2011.888 2012.963 2014.166 2015.164 2016.046 2016.458 2016.709 2016.981 2017.584 2016.563 2016.654 2016.761 2016.792 2017.154 2017.165 2017.084 2017.119 2017.039 2016.962 2016.832 2016.630 2016.623 2016.657 2016.222 2015.934 2015.700 2015.552 2015.224 2014.893 2014.332 2013.887 2013.518 2013.102 2012.616 2012.136 2011.645 2011.107 2010.680 2010.045 2009.651 2009.095 2008.652 2008.304 2007.897 2007.548 2006.985 2006.368 2005.863
1990.780 1992.520 1994.001 1995.473 1997.102 1998.619 2000.161 2001.720 2003.307 2004.521 2005.644 2006.699 2008.022 2008.891 2009.913 2011.127 2012.412 2013.562 2014.303 2015.154 2015.524 2015.692 2015.862 2014.897 2015.327 2015.334 2015.142 2015.121 2015.361 2015.245 2015.311 2015.279 2015.314 2015.208 2015.030 2014.851 2014.652 2014.335 2014.261 2013.986 2013.831 2013.588 2013.341 2012.967 2012.423 2012.048 2011.605 2011.169 2010.590 2010.021 2009.436 2008.941 2008.415 2007.534 2007.054 2006.416 2005.842 2005.569 2005.008 2004.620 2004.141 2003.373 2002.841
1990.296 1991.956 1993.347 1994.762 1996.141 1997.758 1999.673 2001.361 2002.964 2004.205 2005.062 2006.049 2007.078 2008.034 2008.971 2010.121 2011.453 2012.884 2013.276 2013.857 2014.310 2014.530 2013.552 2013.770 2013.897 2013.737 2013.533 2013.704 2013.534 2013.178 2013.550 2013.510 2013.334 2013.182 2012.999 2012.852 2012.573 2012.400 2012.070 2011.778 2011.565 2011.661 2011.368 2011.089 2010.484 2010.119 2009.735 2009.211 2008.655 2007.967 2007.389 2006.812 2006.142 2005.275 2004.426 2003.596 2003.152 2002.744 2002.356 2001.865 2001.210 2000.364 1999.797
