src/images/mdt.asc
ncols        400
nrows        400
xllcorner    -4.793786656196
yllcorner    40.289823255899
dx           0.000057621080
dy           0.000045930982
[rows 203 to 231 of 400, columns 0 to 65 of 400]
1145.706 1143.649 1138.235 1135.630 1133.212 1130.426 1125.681 1123.117 1119.890 1113.631 1110.706 1107.741 1105.131 1099.175 1096.008 1093.494 1088.368 1086.148 1085.102 1084.518 1081.623 1079.751 1078.639 1076.716 1075.501 1074.251 1072.799 1069.251 1067.927 1066.542 1063.620 1062.323 1060.920 1059.212 1054.780 1053.126 1051.603 1048.247 1046.643 1045.092 1043.634 1040.729 1038.911 1037.189 1034.441 1033.116 1031.891 1030.786 1028.489 1027.267 1025.975 1022.673 1020.404 1017.946 1015.832 1012.240 1010.586 1009.097 1006.925 1005.850 1004.482 1003.031 999.930 998.216 996.636 993.391
1145.017 1142.982 1137.164 1134.372 1131.965 1129.569 1124.635 1122.063 1118.957 1112.855 1110.282 1107.408 1104.687 1099.010 1096.139 1093.555 1087.682 1084.836 1082.738 1081.175 1078.313 1076.633 1075.089 1072.598 1071.594 1070.568 1069.404 1066.657 1065.520 1064.214 1061.080 1059.800 1058.393 1056.794 1053.021 1051.282 1049.652 1046.577 1044.777 1043.022 1041.487 1038.482 1036.632 1034.977 1032.461 1031.221 1030.084 1029.109 1027.074 1025.797 1024.342 1020.343 1018.024 1015.685 1013.512 1010.069 1008.587 1007.227 1005.079 1004.131 1003.104 1001.766 998.610 996.937 995.342 992.367
1143.963 1141.985 1136.348 1133.375 1130.673 1128.418 1122.980 1120.253 1117.691 1111.846 1109.226 1106.655 1104.236 1098.994 1096.170 1093.404 1087.928 1084.880 1081.634 1079.090 1075.531 1073.809 1071.851 1068.244 1067.019 1066.282 1065.689 1063.894 1062.945 1061.896 1058.816 1057.178 1055.602 1054.143 1051.062 1049.095 1047.308 1044.695 1042.927 1041.063 1039.348 1036.370 1034.651 1032.987 1030.130 1028.997 1028.061 1027.251 1025.418 1024.100 1022.400 1018.401 1016.216 1013.888 1011.665 1008.120 1006.642 1005.220 1003.278 1002.441 1001.466 1000.284 997.357 995.787 994.236 991.309
1142.471 1140.497 1135.226 1132.151 1129.156 1127.154 1122.185 1119.202 1116.633 1111.307 1108.493 1105.983 1103.511 1098.226 1095.415 1092.486 1087.426 1084.421 1081.056 1078.160 1073.648 1071.693 1069.514 1065.460 1063.720 1062.687 1062.097 1060.715 1060.027 1059.275 1056.556 1054.774 1052.971 1051.263 1048.076 1046.262 1044.650 1042.234 1040.868 1039.360 1037.719 1034.434 1032.755 1031.011 1027.875 1026.713 1025.782 1025.025 1022.993 1021.632 1020.101 1016.277 1014.288 1012.418 1010.045 1005.994 1004.769 1003.601 1001.408 1000.516 999.567 998.530 996.108 994.648 993.243 990.290
1140.860 1138.621 1133.811 1131.125 1128.138 1125.850 1121.231 1118.471 1116.004 1110.749 1108.310 1106.259 1103.785 1098.119 1095.330 1092.518 1087.149 1084.106 1081.232 1078.474 1073.075 1070.938 1068.795 1064.192 1062.129 1060.582 1059.299 1057.243 1056.592 1055.753 1053.321 1051.944 1050.111 1048.028 1044.770 1043.227 1041.714 1039.351 1038.411 1037.336 1035.940 1032.727 1031.098 1029.268 1025.844 1024.513 1023.331 1022.399 1020.154 1018.559 1017.046 1013.472 1011.644 1010.117 1007.910 1004.000 1002.972 1002.041 999.740 998.789 998.061 997.193 994.945 993.778 992.584 989.690
1140.133 1137.214 1132.258 1130.021 1127.433 1124.833 1120.153 1117.543 1115.197 1110.264 1107.857 1106.024 1103.580 1097.723 1095.226 1092.779 1087.851 1085.058 1082.366 1079.672 1074.264 1072.045 1069.914 1065.007 1062.536 1060.431 1058.485 1055.144 1053.683 1052.186 1049.564 1048.329 1046.678 1044.731 1041.476 1039.928 1038.339 1036.181 1035.531 1034.729 1033.596 1031.038 1029.423 1027.415 1023.798 1022.392 1021.095 1020.044 1017.514 1016.067 1014.696 1011.293 1009.490 1007.803 1006.093 1002.775 1001.530 1000.523 998.339 997.253 996.373 995.585 993.847 992.987 991.873 989.356
1138.752 1135.837 1130.899 1128.685 1126.451 1124.065 1119.550 1116.932 1114.408 1109.967 1107.476 1105.239 1102.718 1097.674 1095.205 1092.628 1088.310 1085.875 1083.364 1080.866 1076.270 1074.052 1071.526 1066.338 1063.935 1061.719 1059.586 1055.039 1052.732 1050.556 1046.578 1044.846 1043.172 1041.500 1038.009 1036.240 1034.544 1032.488 1032.088 1031.627 1030.863 1028.711 1026.988 1024.910 1021.531 1020.090 1018.745 1017.579 1015.116 1014.001 1012.867 1009.615 1007.958 1006.447 1005.019 1001.926 1000.555 999.542 997.197 995.942 994.909 994.049 992.660 992.030 991.041 988.787
1136.396 1134.150 1130.055 1127.946 1125.693 1123.538 1119.088 1116.500 1113.983 1109.477 1107.026 1104.614 1102.416 1098.586 1095.952 1093.333 1089.431 1086.943 1084.387 1081.929 1077.531 1075.440 1072.994 1067.799 1065.585 1063.437 1061.212 1055.959 1053.458 1051.107 1046.134 1043.769 1041.595 1039.556 1035.361 1033.250 1031.370 1028.843 1028.302 1027.948 1027.418 1025.125 1023.612 1022.068 1019.128 1017.645 1016.187 1014.908 1012.991 1012.029 1010.909 1008.275 1007.049 1005.888 1004.610 1001.694 1000.392 999.508 997.044 995.582 994.345 993.244 991.555 990.866 989.995 987.942
1135.396 1133.408 1129.477 1127.395 1125.223 1122.999 1118.285 1115.936 1113.730 1109.162 1106.942 1104.597 1102.354 1098.473 1096.063 1093.707 1089.862 1087.544 1085.043 1082.649 1078.343 1076.567 1074.713 1069.663 1067.080 1064.695 1062.342 1057.317 1054.896 1052.600 1047.798 1045.128 1042.416 1039.741 1035.126 1032.888 1030.711 1026.714 1025.280 1024.187 1023.189 1020.928 1019.881 1018.947 1016.453 1015.187 1013.876 1012.586 1010.806 1010.024 1009.206 1007.233 1006.270 1005.325 1004.384 1002.295 1001.265 1000.338 997.602 995.944 994.450 993.070 990.732 989.736 988.861 986.991
1135.267 1133.267 1128.968 1126.740 1124.642 1122.430 1118.010 1115.971 1113.788 1108.821 1106.516 1104.172 1101.726 1097.558 1095.581 1093.422 1089.518 1087.494 1085.245 1083.038 1079.032 1077.466 1075.717 1070.573 1068.101 1065.615 1063.098 1058.634 1056.311 1053.923 1049.357 1046.751 1043.989 1041.196 1036.722 1034.404 1031.790 1026.321 1023.854 1021.654 1019.834 1017.210 1016.064 1015.174 1013.726 1012.785 1011.488 1010.096 1008.190 1007.582 1007.147 1006.073 1005.555 1004.904 1004.229 1002.862 1002.032 1000.923 998.013 996.391 994.594 992.852 990.085 989.044 988.129 986.534
1135.061 1133.052 1128.834 1126.534 1124.503 1122.417 1117.998 1115.986 1113.741 1109.295 1106.963 1104.445 1102.010 1097.640 1095.544 1093.550 1089.652 1087.596 1085.537 1083.308 1079.095 1077.332 1075.329 1070.965 1069.105 1066.776 1064.060 1059.068 1056.723 1054.351 1049.897 1047.630 1045.242 1042.713 1038.047 1035.490 1032.551 1026.572 1023.777 1021.153 1018.838 1014.685 1012.818 1011.429 1010.497 1009.629 1008.215 1007.101 1005.558 1005.009 1004.671 1004.610 1004.651 1004.165 1003.511 1002.382 1001.641 1000.577 997.792 996.238 994.353 992.498 989.608 988.598 987.645 986.382
1134.634 1132.655 1128.579 1126.399 1124.714 1122.699 1117.572 1115.352 1113.266 1109.494 1107.505 1105.042 1102.642 1098.082 1096.049 1094.159 1089.939 1087.904 1085.854 1083.639 1079.266 1077.124 1074.942 1071.099 1069.045 1066.642 1063.961 1058.530 1056.192 1054.011 1049.608 1047.499 1045.332 1042.974 1038.039 1035.527 1032.773 1026.699 1023.928 1021.338 1018.832 1013.723 1011.333 1009.261 1006.810 1005.615 1004.319 1003.799 1003.072 1002.611 1002.232 1002.292 1002.569 1002.215 1001.643 1000.745 1000.097 999.159 996.665 995.195 993.566 991.966 989.078 987.998 987.061 985.906
1133.920 1131.844 1127.865 1125.910 1124.288 1122.409 1117.328 1114.918 1113.012 1108.961 1106.707 1104.594 1102.366 1097.806 1096.017 1094.183 1090.222 1088.346 1086.243 1084.042 1079.725 1077.359 1074.922 1070.515 1068.148 1065.632 1063.040 1057.889 1055.554 1053.356 1049.142 1047.052 1044.790 1042.306 1037.491 1035.231 1032.883 1026.885 1023.954 1021.216 1018.766 1014.145 1011.651 1009.153 1004.827 1002.962 1001.441 1000.759 999.997 999.748 999.505 999.331 999.530 999.379 998.959 998.185 997.804 997.136 995.162 993.783 992.419 991.071 988.162 986.997 986.123 985.157
1132.909 1130.931 1127.168 1125.366 1123.659 1121.937 1117.594 1115.314 1113.500 1109.619 1106.974 1104.595 1102.395 1098.062 1095.961 1093.978 1090.132 1088.223 1086.246 1084.131 1079.721 1077.360 1074.839 1069.966 1067.477 1064.934 1062.447 1057.718 1055.200 1052.783 1048.879 1046.739 1044.369 1041.946 1037.470 1035.133 1032.798 1027.574 1024.652 1021.706 1019.273 1015.237 1012.810 1010.142 1005.095 1002.734 1000.673 999.121 997.166 996.799 996.426 996.051 996.120 996.046 995.826 995.230 995.016 994.611 993.328 992.210 990.943 989.688 986.925 985.791 984.979 983.998
1131.997 1130.010 1126.354 1124.688 1122.967 1121.298 1117.873 1116.015 1113.947 1109.685 1107.267 1104.958 1102.880 1098.568 1096.300 1094.146 1089.939 1087.823 1085.724 1083.617 1079.355 1077.111 1074.649 1069.381 1066.496 1063.808 1061.531 1057.356 1054.835 1052.474 1048.538 1046.252 1043.910 1041.812 1037.869 1035.451 1032.829 1028.335 1025.827 1022.996 1020.094 1016.122 1014.166 1011.578 1006.251 1003.768 1001.457 999.256 995.911 994.825 993.780 992.624 992.362 992.285 992.436 992.164 991.830 991.538 990.729 990.018 989.052 988.010 985.512 984.455 983.672 982.519
1131.259 1129.234 1125.634 1123.943 1122.123 1120.281 1117.085 1115.483 1113.361 1108.691 1106.669 1104.738 1102.701 1098.321 1095.974 1093.748 1089.714 1087.301 1084.979 1082.783 1078.485 1076.149 1073.607 1068.058 1065.110 1062.540 1060.519 1056.203 1053.782 1051.803 1048.334 1046.060 1043.734 1041.617 1038.163 1036.006 1033.111 1028.534 1026.467 1023.968 1020.910 1016.984 1015.567 1013.344 1007.715 1005.190 1002.824 1000.420 996.120 994.136 992.472 990.153 989.274 988.457 988.215 988.722 988.669 988.389 987.945 987.763 987.344 986.695 984.523 983.324 982.346 981.042
1130.557 1128.477 1124.701 1122.932 1121.150 1119.185 1115.565 1113.910 1112.077 1108.002 1106.195 1104.275 1102.121 1097.922 1095.737 1093.634 1089.657 1087.085 1084.594 1082.207 1077.442 1074.789 1072.036 1066.613 1063.925 1061.450 1059.259 1054.805 1052.685 1050.967 1048.181 1046.246 1044.025 1041.675 1038.147 1036.092 1033.062 1028.373 1026.379 1024.059 1021.720 1017.965 1016.550 1014.706 1009.230 1006.757 1004.485 1002.050 997.108 994.538 992.549 989.232 987.663 985.764 984.552 985.011 985.393 985.269 985.460 985.875 985.790 985.384 983.698 982.442 981.265 979.621
1129.906 1127.574 1123.656 1121.810 1120.023 1118.069 1114.069 1112.104 1110.256 1106.710 1105.011 1103.303 1101.340 1097.184 1095.297 1093.218 1088.776 1086.573 1084.168 1081.624 1076.433 1073.621 1070.820 1065.657 1063.102 1060.522 1057.948 1053.760 1052.126 1050.601 1047.846 1046.256 1044.252 1041.795 1037.869 1035.748 1033.018 1028.360 1026.150 1023.858 1022.061 1018.409 1016.743 1015.085 1010.279 1007.997 1005.999 1003.702 998.420 995.515 993.125 988.765 986.606 984.616 982.968 981.613 981.919 982.156 983.177 984.009 984.300 984.171 982.724 981.501 980.249 978.149
1129.179 1126.840 1122.805 1120.704 1118.754 1116.697 1112.441 1110.421 1108.483 1104.854 1103.084 1101.446 1099.760 1096.240 1094.316 1092.190 1087.919 1085.825 1083.496 1080.989 1075.837 1073.112 1070.437 1065.350 1062.432 1059.583 1057.088 1053.168 1051.634 1050.208 1047.416 1045.943 1044.094 1041.677 1037.293 1035.189 1032.941 1028.288 1025.952 1023.635 1021.747 1018.274 1016.538 1014.945 1010.940 1008.921 1007.153 1005.006 999.667 996.599 993.847 988.866 986.362 984.400 982.501 979.146 978.920 979.246 980.874 981.664 982.214 982.470 981.465 980.224 978.941 976.650
1128.273 1126.103 1121.991 1119.493 1117.403 1115.338 1111.000 1109.112 1107.228 1103.354 1101.518 1099.842 1098.322 1095.465 1093.644 1091.764 1087.880 1085.491 1083.095 1080.693 1075.566 1073.141 1070.766 1065.054 1061.656 1058.602 1056.280 1052.570 1051.034 1049.643 1047.006 1045.592 1043.904 1041.577 1036.901 1034.774 1032.635 1027.768 1025.343 1023.007 1020.996 1017.860 1016.286 1014.689 1011.248 1009.483 1007.749 1005.616 1000.563 997.675 994.960 990.077 987.387 984.937 982.584 978.107 976.874 976.659 978.362 978.927 979.397 979.732 979.300 978.491 977.549 975.269
1127.264 1125.165 1120.882 1118.282 1116.168 1114.218 1109.986 1107.873 1105.915 1102.250 1100.323 1098.416 1096.707 1094.115 1092.631 1091.016 1087.445 1085.154 1082.751 1080.293 1075.045 1072.534 1070.065 1063.772 1060.642 1057.992 1055.784 1052.077 1050.583 1049.196 1046.934 1045.516 1043.734 1041.439 1036.800 1034.465 1032.100 1027.144 1024.525 1022.081 1020.278 1017.291 1015.714 1014.083 1010.946 1009.347 1007.487 1005.383 1000.986 998.455 995.983 991.193 988.469 985.729 982.984 977.998 976.099 974.862 974.561 975.418 976.277 976.847 976.623 976.072 975.369 973.498
1125.739 1123.715 1119.234 1116.984 1114.918 1112.971 1108.959 1106.907 1104.944 1101.165 1099.315 1097.362 1095.410 1092.239 1090.964 1089.645 1086.636 1084.620 1082.222 1079.560 1074.224 1071.373 1068.527 1062.656 1059.865 1057.344 1055.046 1051.673 1050.221 1048.854 1046.650 1045.096 1043.210 1041.085 1036.318 1033.670 1031.130 1026.679 1024.017 1021.423 1019.805 1016.772 1014.998 1013.277 1010.009 1008.380 1006.580 1004.634 1000.725 998.548 996.479 991.676 988.795 986.115 983.400 978.331 976.147 974.088 971.184 971.995 972.966 973.703 973.677 973.063 972.219 970.204
1123.581 1121.863 1117.686 1115.503 1113.409 1111.455 1107.785 1105.802 1103.917 1100.173 1098.344 1096.562 1094.677 1090.648 1089.150 1087.833 1085.009 1083.360 1081.308 1078.848 1073.435 1070.142 1067.009 1062.361 1059.633 1056.904 1054.568 1051.230 1049.785 1048.433 1045.733 1044.147 1042.404 1040.448 1035.495 1032.665 1030.148 1026.053 1023.568 1021.013 1019.345 1016.342 1014.522 1012.692 1008.928 1007.042 1005.315 1003.530 999.866 997.982 996.210 991.579 988.681 986.175 983.709 978.587 976.154 973.905 970.079 969.734 969.862 970.087 969.819 969.449 968.928 967.531
1121.054 1119.714 1115.977 1113.755 1111.772 1109.936 1106.388 1104.271 1102.385 1099.173 1097.131 1095.140 1093.229 1089.410 1087.674 1086.110 1083.150 1081.626 1079.859 1077.774 1072.265 1068.877 1065.809 1061.781 1059.288 1056.712 1054.524 1050.627 1048.907 1047.366 1044.297 1042.721 1041.052 1039.272 1034.645 1031.908 1029.426 1025.040 1022.760 1020.495 1018.901 1016.087 1014.208 1012.199 1008.258 1006.198 1004.208 1002.309 998.748 997.018 995.133 990.915 988.509 986.148 983.742 978.390 975.858 973.681 969.629 968.286 967.755 967.627 967.193 967.053 966.868 966.300
1118.295 1117.187 1113.981 1111.980 1110.244 1108.493 1104.789 1102.982 1101.216 1097.735 1095.682 1093.585 1091.554 1087.960 1086.266 1084.562 1080.767 1078.945 1077.193 1075.360 1070.232 1067.641 1065.150 1060.810 1058.495 1056.045 1053.857 1049.885 1047.857 1045.942 1042.507 1040.753 1039.125 1037.707 1033.410 1030.907 1028.482 1023.970 1021.943 1020.033 1018.572 1015.737 1013.778 1011.672 1007.810 1005.774 1003.568 1001.455 997.550 995.662 993.607 989.741 987.875 985.682 983.291 978.126 975.580 973.373 969.254 967.676 966.970 966.748 966.119 965.779 965.331 964.170
1115.884 1114.727 1111.704 1109.968 1108.408 1106.750 1103.110 1101.525 1099.845 1096.181 1094.363 1092.456 1090.472 1086.602 1084.824 1082.979 1078.536 1076.549 1074.718 1072.818 1068.243 1066.025 1063.772 1059.757 1057.572 1055.181 1053.023 1049.169 1047.017 1044.794 1040.599 1038.737 1037.318 1035.884 1031.859 1029.662 1027.254 1023.031 1021.269 1019.627 1018.141 1014.744 1012.803 1010.917 1007.137 1005.081 1002.860 1000.747 996.693 994.616 992.645 989.256 987.400 985.153 982.865 978.067 975.372 972.997 968.761 967.329 966.548 966.031 964.112 963.433 962.828 960.924
1113.734 1112.490 1109.404 1107.539 1105.927 1104.376 1101.001 1099.331 1097.661 1094.640 1093.197 1091.548 1089.670 1085.365 1083.372 1081.456 1077.103 1075.069 1073.048 1070.859 1066.314 1064.054 1061.894 1058.428 1056.310 1053.992 1052.021 1048.067 1045.852 1043.571 1038.741 1036.846 1035.508 1033.860 1030.079 1028.035 1025.891 1022.046 1020.368 1019.014 1017.501 1013.586 1011.617 1009.864 1006.195 1004.212 1001.976 999.886 996.188 994.041 992.146 989.130 987.078 984.816 982.672 978.204 975.415 972.805 968.285 966.989 966.241 965.494 961.603 960.373 959.709 958.204
1111.007 1109.814 1107.194 1105.108 1103.327 1101.764 1098.655 1096.995 1095.407 1092.586 1091.153 1089.463 1087.508 1083.493 1081.667 1079.837 1075.612 1073.517 1071.464 1069.261 1064.698 1062.535 1060.424 1056.647 1054.536 1052.344 1050.463 1046.534 1044.383 1042.143 1037.199 1035.242 1033.750 1032.100 1028.188 1026.133 1024.377 1020.835 1019.308 1018.161 1016.645 1012.655 1010.712 1008.888 1005.239 1003.536 1001.424 999.286 995.505 993.415 991.471 988.278 986.411 984.434 982.489 978.371 975.820 973.036 967.736 966.647 966.034 965.237 960.412 958.357 956.967 955.617
1107.918 1106.887 1104.611 1102.653 1101.065 1099.709 1096.459 1094.571 1092.881 1090.181 1088.657 1086.763 1084.600 1081.416 1080.030 1078.419 1074.404 1072.334 1070.340 1068.352 1063.309 1061.123 1059.197 1054.876 1052.731 1050.666 1048.730 1044.744 1042.592 1040.408 1035.994 1033.991 1032.192 1030.437 1026.626 1024.711 1022.908 1019.509 1018.185 1016.901 1015.322 1011.718 1009.957 1008.139 1004.520 1002.877 1000.934 998.862 994.739 992.832 990.929 987.244 985.536 983.794 982.087 978.370 976.044 973.305 967.473 966.423 965.784 964.891 960.432 958.078 955.884 952.802
