src/images/mdt_225_10_20m_ang.asc
ncols	100
nrows	103
xllcorner	417958.405121
yllcorner	4513292.473900
cellsize	20.000000
NODATA_value	-9999.000000
[rows 0 to 41 of 103, columns 0 to 93 of 100]
193 193 216 217 217 219 223 223 223 223 222 219 219 216 213 213 210 210 208 206 206 205 205 205 205 205 205 205 205 206 207 207 209 209 211 211 211 210 208 208 206 206 205 205 205 204 204 204 204 204 205 206 206 208 211 211 214 214 219 226 226 233 242 242 248 248 250 251 251 250 249 249 246 246 243 238 238 232 227 227 223 223 217 209 209 206 205 205 205 205 204 205 205 208
193 193 216 217 217 219 223 223 223 223 222 219 219 216 213 213 210 210 208 206 206 205 205 205 205 205 205 205 205 206 207 207 209 209 211 211 211 210 208 208 206 206 205 205 205 204 204 204 204 204 205 206 206 208 211 211 214 214 219 226 226 233 242 242 248 248 250 251 251 250 249 249 246 246 243 238 238 232 227 227 223 223 217 209 209 206 205 205 205 205 204 205 205 208
193 193 216 217 217 219 223 223 223 223 222 219 219 216 213 213 210 210 208 206 206 205 205 205 205 205 205 205 205 206 207 207 209 209 211 211 211 210 208 208 206 206 205 205 205 204 204 204 204 204 205 206 206 208 211 211 214 214 219 226 226 233 242 242 248 248 250 251 251 250 249 249 246 246 243 238 238 232 227 227 223 223 217 209 209 206 205 205 205 205 204 205 205 208
193 193 216 217 217 219 223 223 223 223 222 219 219 216 213 213 210 210 208 206 206 205 205 205 205 205 205 205 205 206 207 207 209 209 211 211 211 210 208 208 206 206 205 205 205 204 204 204 204 204 205 206 206 208 211 211 214 214 219 226 226 233 242 242 248 248 250 251 251 250 249 249 246 246 243 238 238 232 227 227 223 223 217 209 209 206 205 205 205 205 204 205 205 208
198 198 228 227 227 225 226 226 225 225 223 220 220 216 213 213 211 211 208 207 207 206 206 206 206 206 207 207 207 208 209 209 212 212 213 213 213 211 208 208 207 207 207 206 206 206 206 206 207 207 208 209 209 211 214 214 218 218 223 228 228 234 238 238 242 242 244 244 244 244 242 242 240 240 237 233 233 227 223 223 220 220 213 206 206 205 206 206 206 206 205 207 207 211
203 203 243 240 240 234 232 232 230 230 226 222 222 218 214 214 212 212 210 209 209 210 210 210 211 211 211 212 212 213 215 215 217 217 219 217 217 214 210 210 209 209 209 209 209 209 210 210 212 212 213 215 215 218 222 222 226 226 229 233 233 234 235 235 235 235 235 235 235 234 233 233 231 231 228 224 224 220 217 217 214 214 208 202 202 204 207 207 208 208 209 212 212 217
203 203 243 240 240 234 232 232 230 230 226 222 222 218 214 214 212 212 210 209 209 210 210 210 211 211 211 212 212 213 215 215 217 217 219 217 217 214 210 210 209 209 209 209 209 209 210 210 212 212 213 215 215 218 222 222 226 226 229 233 233 234 235 235 235 235 235 235 235 234 233 233 231 231 228 224 224 220 217 217 214 214 208 202 202 204 207 207 208 208 209 212 212 217
202 202 244 243 243 240 238 238 235 235 230 225 225 220 216 216 213 213 212 211 211 212 213 213 213 213 214 215 215 216 219 219 221 221 222 220 220 215 211 211 210 210 211 211 211 212 213 213 215 215 217 219 219 222 226 226 229 229 232 234 234 235 234 234 233 233 232 231 231 230 228 228 226 226 223 220 220 216 212 212 210 210 205 201 201 204 208 208 209 209 212 216 216 221
202 202 244 243 243 240 238 238 235 235 230 225 225 220 216 216 213 213 212 211 211 212 213 213 213 213 214 215 215 216 219 219 221 221 222 220 220 215 211 211 210 210 211 211 211 212 213 213 215 215 217 219 219 222 226 226 229 229 232 234 234 235 234 234 233 233 232 231 231 230 228 228 226 226 223 220 220 216 212 212 210 210 205 201 201 204 208 208 209 209 212 216 216 221
207 207 246 245 245 243 241 241 237 237 232 227 227 222 218 218 215 215 213 213 213 214 214 214 215 215 216 216 216 218 220 220 223 223 223 221 221 217 212 212 211 211 212 212 212 213 215 215 217 217 219 221 221 224 228 228 232 232 234 235 235 235 234 234 232 232 231 230 230 228 226 226 224 224 221 217 217 213 209 209 207 207 203 200 200 204 208 208 210 210 213 218 218 224
203 203 247 247 247 245 243 243 239 239 233 228 228 223 220 220 217 217 215 214 214 215 216 216 217 217 217 218 218 219 222 222 224 224 225 223 223 218 213 213 212 212 213 213 213 215 217 217 219 219 221 223 223 226 229 229 232 232 235 235 235 235 233 233 231 231 230 228 228 227 225 225 222 222 219 215 215 211 207 207 205 205 201 200 200 205 208 208 210 210 214 220 220 226
203 203 247 247 247 245 243 243 239 239 233 228 228 223 220 220 217 217 215 214 214 215 216 216 217 217 217 218 218 219 222 222 224 224 225 223 223 218 213 213 212 212 213 213 213 215 217 217 219 219 221 223 223 226 229 229 232 232 235 235 235 235 233 233 231 231 230 228 228 227 225 225 222 222 219 215 215 211 207 207 205 205 201 200 200 205 208 208 210 210 214 220 220 226
201 201 248 248 248 247 244 244 241 241 235 230 230 225 222 222 219 219 216 214 214 215 217 217 218 218 218 219 219 220 223 223 225 225 226 224 224 221 215 215 213 213 213 214 214 216 219 219 221 221 222 225 225 227 230 230 233 233 234 235 235 234 233 233 230 230 228 227 227 225 222 222 219 219 217 213 213 209 206 206 203 203 200 199 199 204 207 207 210 210 215 221 221 228
204 204 249 249 249 247 245 245 242 242 237 231 231 227 223 223 220 220 217 215 215 215 217 217 218 218 219 220 220 221 223 223 226 226 227 226 226 223 218 218 214 214 214 215 215 217 219 219 221 221 223 225 225 227 230 230 232 232 234 234 234 234 232 232 229 229 227 225 225 222 220 220 216 216 214 211 211 207 204 204 200 200 198 199 199 203 207 207 210 210 216 223 223 230
204 204 249 249 249 247 245 245 242 242 237 231 231 227 223 223 220 220 217 215 215 215 217 217 218 218 219 220 220 221 223 223 226 226 227 226 226 223 218 218 214 214 214 215 215 217 219 219 221 221 223 225 225 227 230 230 232 232 234 234 234 234 232 232 229 229 227 225 225 222 220 220 216 216 214 211 211 207 204 204 200 200 198 199 199 203 207 207 210 210 216 223 223 230
204 204 249 249 249 247 245 245 242 242 237 232 232 228 225 225 222 222 219 216 216 216 218 218 219 219 220 221 221 221 224 224 226 226 227 227 227 225 220 220 215 215 214 215 215 217 219 219 222 222 223 225 225 228 230 230 232 232 233 233 233 232 230 230 227 227 225 223 223 221 218 218 214 214 211 209 209 206 202 202 198 198 196 199 199 203 207 207 211 211 217 225 225 231
204 204 249 249 249 247 245 245 242 242 237 232 232 228 225 225 222 222 219 216 216 216 218 218 219 219 220 221 221 221 224 224 226 226 227 227 227 225 220 220 215 215 214 215 215 217 219 219 222 222 223 225 225 228 230 230 232 232 233 233 233 232 230 230 227 227 225 223 223 221 218 218 214 214 211 209 209 206 202 202 198 198 196 199 199 203 207 207 211 211 217 225 225 231
204 204 250 250 250 248 246 246 242 242 237 232 232 228 226 226 224 224 222 219 219 217 219 219 220 220 220 221 221 222 224 224 226 226 227 227 227 226 222 222 216 216 213 214 214 217 220 220 222 222 224 226 226 228 229 229 231 231 232 231 231 230 228 228 225 225 223 222 222 220 217 217 213 213 210 208 208 204 200 200 196 196 194 198 198 203 207 207 212 212 218 225 225 231
204 204 252 252 252 249 245 245 241 241 236 231 231 227 225 225 224 224 224 223 223 220 221 221 221 221 221 223 223 224 225 225 226 226 227 227 227 226 224 224 218 218 212 213 213 217 220 220 223 223 224 226 226 228 229 229 230 230 230 230 230 228 226 226 224 224 222 221 221 220 217 217 213 213 210 207 207 204 200 200 195 195 193 198 198 203 207 207 212 212 218 226 226 232
204 204 252 252 252 249 245 245 241 241 236 231 231 227 225 225 224 224 224 223 223 220 221 221 221 221 221 223 223 224 225 225 226 226 227 227 227 226 224 224 218 218 212 213 213 217 220 220 223 223 224 226 226 228 229 229 230 230 230 230 230 228 226 226 224 224 222 221 221 220 217 217 213 213 210 207 207 204 200 200 195 195 193 198 198 203 207 207 212 212 218 226 226 232
211 211 260 257 257 251 245 245 239 239 234 229 229 226 224 224 224 224 225 225 225 224 222 222 223 223 223 224 224 224 225 225 227 227 227 227 227 227 225 225 220 220 214 213 213 217 221 221 223 223 225 226 226 228 229 229 230 230 230 229 229 227 225 225 223 223 221 221 221 220 217 217 213 213 210 207 207 204 200 200 196 196 193 197 197 203 208 208 213 213 219 226 226 232
231 231 268 262 262 250 243 243 237 237 232 228 228 225 224 224 224 224 225 226 226 226 226 226 227 227 227 227 227 226 226 226 227 227 228 228 228 227 226 226 222 222 216 214 214 217 221 221 224 224 226 227 227 229 229 229 230 230 229 228 228 227 225 225 223 223 222 221 221 220 218 218 214 214 211 208 208 205 201 201 197 197 194 197 197 204 209 209 214 214 220 227 227 233
231 231 268 262 262 250 243 243 237 237 232 228 228 225 224 224 224 224 225 226 226 226 226 226 227 227 227 227 227 226 226 226 227 227 228 228 228 227 226 226 222 222 216 214 214 217 221 221 224 224 226 227 227 229 229 229 230 230 229 228 228 227 225 225 223 223 222 221 221 220 218 218 214 214 211 208 208 205 201 201 197 197 194 197 197 204 209 209 214 214 220 227 227 233
238 238 255 257 257 247 241 241 235 235 231 227 227 225 224 224 225 225 226 227 227 229 231 231 233 233 232 229 229 227 226 226 227 227 228 228 228 228 226 226 223 223 218 215 215 217 222 222 224 224 226 228 228 229 229 229 229 229 228 227 227 226 224 224 223 223 222 221 221 220 219 219 216 216 213 210 210 207 203 203 198 198 195 198 198 204 209 209 214 214 221 228 228 233
238 238 255 257 257 247 241 241 235 235 231 227 227 225 224 224 225 225 226 227 227 229 231 231 233 233 232 229 229 227 226 226 227 227 228 228 228 228 226 226 223 223 218 215 215 217 222 222 224 224 226 228 228 229 229 229 229 229 228 227 227 226 224 224 223 223 222 221 221 220 219 219 216 216 213 210 210 207 203 203 198 198 195 198 198 204 209 209 214 214 221 228 228 233
238 238 241 245 245 243 238 238 234 234 231 228 228 227 226 226 227 227 228 229 229 231 232 232 233 233 233 231 231 228 226 226 227 227 227 228 228 227 227 227 224 224 220 216 216 218 223 223 225 225 227 228 228 229 229 229 229 229 228 226 226 225 224 224 223 223 222 222 222 221 220 220 218 218 215 212 212 208 204 204 199 199 196 199 199 205 209 209 215 215 223 229 229 234
239 239 239 239 239 238 236 236 234 234 232 231 231 230 230 230 230 230 230 230 230 230 231 231 232 232 232 232 232 230 227 227 227 227 227 227 227 227 226 226 225 225 222 219 219 221 224 224 226 226 228 230 230 230 230 230 229 229 227 226 226 225 224 224 223 223 223 223 223 223 222 222 220 220 217 214 214 210 206 206 200 200 197 200 200 205 210 210 217 217 224 230 230 235
239 239 239 239 239 238 236 236 234 234 232 231 231 230 230 230 230 230 230 230 230 230 231 231 232 232 232 232 232 230 227 227 227 227 227 227 227 227 226 226 225 225 222 219 219 221 224 224 226 226 228 230 230 230 230 230 229 229 227 226 226 225 224 224 223 223 223 223 223 223 222 222 220 220 217 214 214 210 206 206 200 200 197 200 200 205 210 210 217 217 224 230 230 235
239 239 238 237 237 237 236 236 234 234 233 233 233 233 233 233 232 232 231 230 230 230 231 231 232 232 232 231 231 230 226 226 224 224 224 224 224 224 224 224 224 224 222 222 222 223 225 225 227 227 229 230 230 231 230 230 228 228 227 225 225 224 223 223 223 223 223 224 224 224 223 223 222 222 219 215 215 212 207 207 200 200 198 201 201 206 211 211 218 218 225 231 231 236
240 240 239 238 238 237 236 236 236 236 235 236 236 236 235 235 233 233 231 230 230 231 232 232 232 232 231 230 230 227 223 223 219 219 218 219 219 220 221 221 222 222 222 223 223 225 226 226 228 228 230 231 231 231 229 229 227 227 226 224 224 223 223 223 223 223 223 224 224 224 224 224 223 223 221 218 218 214 209 209 201 201 198 202 202 207 212 212 219 219 226 232 232 237
240 240 239 238 238 237 236 236 236 236 235 236 236 236 235 235 233 233 231 230 230 231 232 232 232 232 231 230 230 227 223 223 219 219 218 219 219 220 221 221 222 222 222 223 223 225 226 226 228 228 230 231 231 231 229 229 227 227 226 224 224 223 223 223 223 223 223 224 224 224 224 224 223 223 221 218 218 214 209 209 201 201 198 202 202 207 212 212 219 219 226 232 232 237
242 242 241 240 240 238 238 238 237 237 236 236 236 236 236 236 234 234 232 231 231 231 232 232 231 231 230 228 228 224 220 220 216 216 211 213 213 216 218 218 220 220 223 225 225 226 228 228 230 230 232 232 232 231 230 230 228 228 226 224 224 223 223 223 223 223 223 224 224 224 224 224 224 224 223 221 221 217 211 211 203 203 200 204 204 209 214 214 221 221 228 233 233 238
242 242 241 240 240 238 238 238 237 237 236 236 236 236 236 236 234 234 232 231 231 231 232 232 231 231 230 228 228 224 220 220 216 216 211 213 213 216 218 218 220 220 223 225 225 226 228 228 230 230 232 232 232 231 230 230 228 228 226 224 224 223 223 223 223 223 223 224 224 224 224 224 224 224 223 221 221 217 211 211 203 203 200 204 204 209 214 214 221 221 228 233 233 238
244 244 243 240 240 238 236 236 234 234 233 233 233 234 234 234 232 232 230 229 229 230 231 231 230 230 228 226 226 222 218 218 213 213 207 207 207 210 212 212 218 218 222 226 226 228 230 230 232 232 234 234 234 233 231 231 228 228 226 224 224 223 222 222 222 222 223 224 224 224 224 224 224 224 224 223 223 220 214 214 206 206 201 205 205 210 215 215 222 222 229 234 234 239
243 243 242 237 237 234 232 232 230 230 228 228 228 229 229 229 228 228 225 224 224 226 227 227 227 227 226 225 225 222 217 217 212 212 208 205 205 200 205 205 216 216 223 227 227 230 232 232 234 234 236 235 235 234 231 231 228 228 226 224 224 223 222 222 222 222 223 224 224 224 223 223 224 224 225 225 225 222 216 216 208 208 202 205 205 211 216 216 223 223 229 234 234 239
243 243 242 237 237 234 232 232 230 230 228 228 228 229 229 229 228 228 225 224 224 226 227 227 227 227 226 225 225 222 217 217 212 212 208 205 205 200 205 205 216 216 223 227 227 230 232 232 234 234 236 235 235 234 231 231 228 228 226 224 224 223 222 222 222 222 223 224 224 224 223 223 224 224 225 225 225 222 216 216 208 208 202 205 205 211 216 216 223 223 229 234 234 239
242 242 240 235 235 231 228 228 226 226 226 225 225 225 225 225 223 223 221 220 220 221 224 224 224 224 224 223 223 221 217 217 212 212 209 205 205 196 197 197 213 213 222 227 227 231 234 234 235 235 237 236 236 234 231 231 228 228 226 224 224 223 222 222 222 222 223 224 224 224 223 223 223 223 225 225 225 223 218 218 209 209 203 205 205 211 217 217 224 224 230 235 235 239
240 240 238 233 233 229 226 226 225 225 224 223 223 223 223 223 221 221 219 218 218 219 221 221 222 222 222 221 221 220 217 217 213 213 209 206 206 197 194 194 210 210 222 228 228 232 235 235 236 236 237 237 237 234 231 231 228 228 226 225 225 223 222 222 222 222 223 223 223 223 222 222 223 223 225 226 226 224 220 220 212 212 204 206 206 212 218 218 225 225 231 235 235 240
240 240 238 233 233 229 226 226 225 225 224 223 223 223 223 223 221 221 219 218 218 219 221 221 222 222 222 221 221 220 217 217 213 213 209 206 206 197 194 194 210 210 222 228 228 232 235 235 236 236 237 237 237 234 231 231 228 228 226 225 225 223 222 222 222 222 223 223 223 223 222 222 223 223 225 226 226 224 220 220 212 212 204 206 206 212 218 218 225 225 231 235 235 240
238 238 236 231 231 228 225 225 223 223 222 222 222 222 222 222 221 221 219 218 218 218 219 219 220 220 220 220 220 219 217 217 213 213 210 208 208 200 195 195 209 209 222 229 229 234 236 236 238 238 239 238 238 235 232 232 229 229 228 227 227 225 224 224 224 224 224 223 223 223 222 222 223 223 225 226 226 225 222 222 216 216 207 207 207 213 220 220 226 226 232 237 237 241
238 238 236 231 231 228 225 225 223 223 222 222 222 222 222 222 221 221 219 218 218 218 219 219 220 220 220 220 220 219 217 217 213 213 210 208 208 200 195 195 209 209 222 229 229 234 236 236 238 238 239 238 238 235 232 232 229 229 228 227 227 225 224 224 224 224 224 223 223 223 222 222 223 223 225 226 226 225 222 222 216 216 207 207 207 213 220 220 226 226 232 237 237 241
236 236 234 229 229 226 223 223 222 222 221 221 221 221 221 221 220 220 219 218 218 218 219 219 220 220 220 220 220 219 217 217 215 215 213 211 211 204 199 199 211 211 224 231 231 236 239 239 241 241 241 240 240 237 234 234 232 232 231 230 230 228 227 227 226 226 225 224 224 224 224 224 225 225 227 227 227 227 225 225 220 220 213 211 211 217 224 224 230 230 235 239 239 243
