src/images/mdt_180_10_20m_ang.asc
ncols	100
nrows	103
xllcorner	417958.405121
yllcorner	4513292.473900
cellsize	20.000000
NODATA_value	-9999.000000
[rows 42 to 83 of 103, columns 0 to 93 of 100]
187 187 186 183 183 181 179 179 178 178 177 177 177 177 178 178 179 179 179 179 179 179 179 179 180 180 181 180 180 178 175 175 172 172 170 168 168 164 160 160 157 157 157 156 156 156 157 157 157 157 157 158 158 160 161 161 162 162 163 165 165 168 170 170 172 172 174 178 178 182 186 186 189 189 192 195 195 199 202 202 202 202 199 197 197 196 196 196 196 196 196 197 197 199
187 187 186 183 183 181 179 179 178 178 177 177 177 177 178 178 179 179 179 179 179 179 179 179 180 180 181 180 180 178 175 175 172 172 170 168 168 164 160 160 157 157 157 156 156 156 157 157 157 157 157 158 158 160 161 161 162 162 163 165 165 168 170 170 172 172 174 178 178 182 186 186 189 189 192 195 195 199 202 202 202 202 199 197 197 196 196 196 196 196 196 197 197 199
180 180 180 179 179 178 178 178 177 177 177 177 177 178 179 179 180 180 181 181 181 181 182 182 183 183 184 184 184 182 179 179 177 177 174 171 171 166 159 159 155 155 154 153 153 153 153 153 154 154 155 157 157 159 159 159 159 159 160 161 161 163 166 166 169 169 172 176 176 180 184 184 188 188 192 196 196 200 204 204 206 206 206 204 204 201 198 198 197 197 196 196 196 198
172 172 173 176 176 176 177 177 177 177 177 178 178 179 180 180 181 181 182 183 183 184 185 185 186 186 187 187 187 186 184 184 181 181 178 174 174 168 161 161 154 154 151 150 150 150 149 149 149 149 152 155 155 157 158 158 157 157 157 158 158 160 163 163 166 166 171 176 176 179 183 183 187 187 192 197 197 203 208 208 212 212 213 209 209 202 197 197 196 196 195 195 195 196
172 172 173 176 176 176 177 177 177 177 177 178 178 179 180 180 181 181 182 183 183 184 185 185 186 186 187 187 187 186 184 184 181 181 178 174 174 168 161 161 154 154 151 150 150 150 149 149 149 149 152 155 155 157 158 158 157 157 157 158 158 160 163 163 166 166 171 176 176 179 183 183 187 187 192 197 197 203 208 208 212 212 213 209 209 202 197 197 196 196 195 195 195 196
166 166 168 173 173 175 175 175 176 176 177 178 178 180 181 181 182 182 184 185 185 186 187 187 188 188 189 189 189 189 189 189 186 186 182 177 177 172 166 166 157 157 149 145 145 143 143 143 144 144 146 149 149 152 154 154 154 154 153 153 153 154 158 158 164 164 170 174 174 178 183 183 188 188 194 202 202 209 214 214 215 215 212 205 205 199 194 194 193 193 193 192 192 193
166 166 168 173 173 175 175 175 176 176 177 178 178 180 181 181 182 182 184 185 185 186 187 187 188 188 189 189 189 189 189 189 186 186 182 177 177 172 166 166 157 157 149 145 145 143 143 143 144 144 146 149 149 152 154 154 154 154 153 153 153 154 158 158 164 164 170 174 174 178 183 183 188 188 194 202 202 209 214 214 215 215 212 205 205 199 194 194 193 193 193 192 192 193
162 162 165 170 170 173 174 174 176 176 177 179 179 181 183 183 185 185 186 188 188 189 189 189 190 190 190 191 191 193 193 193 191 191 186 181 181 176 171 171 164 164 153 143 143 136 135 135 137 137 139 141 141 144 147 147 149 149 148 148 148 150 154 154 161 161 167 173 173 178 183 183 189 189 197 206 206 211 212 212 209 209 204 198 198 194 191 191 190 190 191 190 190 190
160 160 163 168 168 172 174 174 176 176 179 181 181 183 185 185 188 188 189 191 191 192 192 192 192 192 192 193 193 195 195 195 194 194 190 185 185 181 178 178 172 172 161 151 151 143 137 137 137 137 139 141 141 143 146 146 147 147 148 149 149 152 155 155 160 160 166 172 172 178 183 183 190 190 198 204 204 206 204 204 200 200 196 192 192 189 187 187 188 188 189 188 188 189
160 160 163 168 168 172 174 174 176 176 179 181 181 183 185 185 188 188 189 191 191 192 192 192 192 192 192 193 193 195 195 195 194 194 190 185 185 181 178 178 172 172 161 151 151 143 137 137 137 137 139 141 141 143 146 146 147 147 148 149 149 152 155 155 160 160 166 172 172 178 183 183 190 190 198 204 204 206 204 204 200 200 196 192 192 189 187 187 188 188 189 188 188 189
160 160 163 168 168 172 175 175 178 178 180 183 183 185 188 188 191 191 192 193 193 194 195 195 195 195 196 196 196 196 196 196 195 195 193 190 190 186 182 182 175 175 167 159 159 154 149 149 147 147 146 148 148 149 149 149 149 149 150 152 152 155 159 159 162 162 166 171 171 177 184 184 190 190 195 199 199 200 198 198 194 194 190 187 187 186 185 185 185 185 186 187 187 190
160 160 164 169 169 174 178 178 181 181 183 185 185 188 191 191 194 194 195 196 196 197 198 198 198 198 199 198 198 197 195 195 194 194 193 191 191 187 181 181 174 174 169 164 164 160 157 157 154 154 152 152 152 152 152 152 151 151 152 154 154 158 161 161 164 164 168 171 171 177 183 183 188 188 191 194 194 195 194 194 189 189 185 183 183 183 183 183 182 182 184 187 187 193
160 160 164 169 169 174 178 178 181 181 183 185 185 188 191 191 194 194 195 196 196 197 198 198 198 198 199 198 198 197 195 195 194 194 193 191 191 187 181 181 174 174 169 164 164 160 157 157 154 154 152 152 152 152 152 152 151 151 152 154 154 158 161 161 164 164 168 171 171 177 183 183 188 188 191 194 194 195 194 194 189 189 185 183 183 183 183 183 182 182 184 187 187 193
163 163 166 172 172 177 181 181 184 184 186 188 188 191 194 194 196 196 198 200 200 200 200 200 199 199 198 196 196 194 192 192 190 190 189 187 187 184 179 179 174 174 170 166 166 163 161 161 158 158 156 155 155 155 154 154 154 154 155 157 157 160 163 163 167 167 169 172 172 176 181 181 185 185 188 190 190 191 189 189 185 185 182 181 181 181 181 181 181 181 183 190 190 197
163 163 166 172 172 177 181 181 184 184 186 188 188 191 194 194 196 196 198 200 200 200 200 200 199 199 198 196 196 194 192 192 190 190 189 187 187 184 179 179 174 174 170 166 166 163 161 161 158 158 156 155 155 155 154 154 154 154 155 157 157 160 163 163 167 167 169 172 172 176 181 181 185 185 188 190 190 191 189 189 185 185 182 181 181 181 181 181 181 181 183 190 190 197
168 168 171 177 177 182 185 185 188 188 190 193 193 194 195 195 197 197 200 200 200 199 197 197 196 196 194 192 192 190 188 188 187 187 185 183 183 180 177 177 174 174 170 167 167 165 163 163 161 161 159 158 158 158 157 157 157 157 158 160 160 163 166 166 169 169 171 173 173 176 179 179 182 182 185 186 186 185 183 183 182 182 181 180 180 180 181 181 182 182 186 193 193 201
176 176 178 183 183 186 189 189 191 191 193 194 194 194 194 194 195 195 196 196 196 194 193 193 192 192 190 188 188 187 185 185 184 184 182 180 180 178 175 175 173 173 170 168 168 166 164 164 163 163 161 161 161 160 160 160 160 160 162 164 164 167 169 169 171 171 172 174 174 176 179 179 181 181 182 182 182 180 179 179 180 180 181 181 181 181 182 182 185 185 190 197 197 203
176 176 178 183 183 186 189 189 191 191 193 194 194 194 194 194 195 195 196 196 196 194 193 193 192 192 190 188 188 187 185 185 184 184 182 180 180 178 175 175 173 173 170 168 168 166 164 164 163 163 161 161 161 160 160 160 160 160 162 164 164 167 169 169 171 171 172 174 174 176 179 179 181 181 182 182 182 180 179 179 180 180 181 181 181 181 182 182 185 185 190 197 197 203
185 185 186 188 188 189 191 191 192 192 193 193 193 193 193 193 192 192 192 192 192 191 190 190 189 189 187 186 186 184 182 182 181 181 179 177 177 175 173 173 172 172 170 168 168 166 164 164 163 163 163 163 163 163 163 163 164 164 166 169 169 171 173 173 173 173 174 175 175 177 178 178 179 179 180 178 178 177 177 177 179 179 180 181 181 182 184 184 188 188 193 199 199 204
193 193 192 192 192 192 192 192 192 192 192 192 192 192 192 192 191 191 190 190 190 189 188 188 187 187 185 184 184 182 180 180 178 178 176 174 174 172 171 171 170 170 169 167 167 165 164 164 164 164 164 165 165 165 165 165 167 167 170 173 173 175 176 176 176 176 176 177 177 178 178 178 179 179 178 176 176 176 177 177 179 179 180 182 182 184 186 186 190 190 195 200 200 204
193 193 192 192 192 192 192 192 192 192 192 192 192 192 192 192 191 191 190 190 190 189 188 188 187 187 185 184 184 182 180 180 178 178 176 174 174 172 171 171 170 170 169 167 167 165 164 164 164 164 164 165 165 165 165 165 167 167 170 173 173 175 176 176 176 176 176 177 177 178 178 178 179 179 178 176 176 176 177 177 179 179 180 182 182 184 186 186 190 190 195 200 200 204
197 197 196 195 195 194 193 193 193 193 192 191 191 191 191 191 190 190 189 188 188 187 186 186 185 185 183 181 181 179 177 177 175 175 173 172 172 170 169 169 169 169 167 166 166 165 165 165 165 165 166 167 167 167 168 168 170 170 173 176 176 177 178 178 178 178 178 179 179 178 178 178 178 178 177 176 176 176 177 177 179 179 181 183 183 185 188 188 192 192 196 199 199 203
197 197 196 195 195 194 193 193 193 193 192 191 191 191 191 191 190 190 189 188 188 187 186 186 185 185 183 181 181 179 177 177 175 175 173 172 172 170 169 169 169 169 167 166 166 165 165 165 165 165 166 167 167 167 168 168 170 170 173 176 176 177 178 178 178 178 178 179 179 178 178 178 178 178 177 176 176 176 177 177 179 179 181 183 183 185 188 188 192 192 196 199 199 203
201 201 200 197 197 195 194 194 193 193 192 191 191 191 190 190 190 190 188 187 187 186 185 185 183 183 180 178 178 176 174 174 172 172 171 170 170 169 168 168 167 167 166 166 166 166 167 167 168 168 170 170 170 169 171 171 173 173 175 177 177 177 178 178 179 179 179 180 180 179 179 179 178 178 177 177 177 177 177 177 178 178 181 183 183 186 189 189 192 192 195 198 198 200
204 204 203 199 199 196 194 194 193 193 192 191 191 190 189 189 189 189 187 186 186 184 183 183 181 181 178 176 176 173 171 171 170 170 169 168 168 167 166 166 166 166 166 166 166 168 170 170 172 172 173 173 173 174 174 174 175 175 176 177 177 177 178 178 179 179 180 180 180 180 180 180 179 179 178 178 178 178 178 178 179 179 180 182 182 185 188 188 191 191 193 196 196 198
204 204 203 199 199 196 194 194 193 193 192 191 191 190 189 189 189 189 187 186 186 184 183 183 181 181 178 176 176 173 171 171 170 170 169 168 168 167 166 166 166 166 166 166 166 168 170 170 172 172 173 173 173 174 174 174 175 175 176 177 177 177 178 178 179 179 180 180 180 180 180 180 179 179 178 178 178 178 178 178 179 179 180 182 182 185 188 188 191 191 193 196 196 198
208 208 205 200 200 197 195 195 193 193 192 190 190 189 189 189 188 188 187 185 185 183 181 181 179 179 176 174 174 171 169 169 168 168 167 167 167 166 165 165 165 165 166 168 168 171 173 173 174 174 174 176 176 177 178 178 178 178 178 178 178 177 178 178 179 179 180 180 180 180 180 180 180 180 179 179 179 179 179 179 179 179 179 181 181 184 187 187 189 189 192 194 194 197
211 211 207 201 201 198 195 195 193 193 191 190 190 189 188 188 187 187 185 184 184 182 180 180 177 177 174 172 172 169 167 167 166 166 166 165 165 165 164 164 165 165 167 170 170 173 174 174 175 175 176 177 177 178 179 179 179 179 179 179 179 179 179 179 179 179 179 179 179 180 180 180 180 180 180 180 180 179 178 178 178 178 179 180 180 182 185 185 188 188 190 193 193 197
211 211 207 201 201 198 195 195 193 193 191 190 190 189 188 188 187 187 185 184 184 182 180 180 177 177 174 172 172 169 167 167 166 166 166 165 165 165 164 164 165 165 167 170 170 173 174 174 175 175 176 177 177 178 179 179 179 179 179 179 179 179 179 179 179 179 179 179 179 180 180 180 180 180 180 180 180 179 178 178 178 178 179 180 180 182 185 185 188 188 190 193 193 197
212 212 209 202 202 198 195 195 192 192 190 189 189 187 186 186 185 185 184 183 183 181 179 179 176 176 173 170 170 167 166 166 166 166 165 164 164 164 164 164 165 165 168 171 171 173 174 174 175 175 177 178 178 178 179 179 179 179 179 180 180 181 180 180 179 179 178 178 178 179 180 180 179 179 179 178 178 177 177 177 177 177 178 179 179 181 184 184 187 187 190 193 193 197
212 212 209 202 202 198 195 195 192 192 190 189 189 187 186 186 185 185 184 183 183 181 179 179 176 176 173 170 170 167 166 166 166 166 165 164 164 164 164 164 165 165 168 171 171 173 174 174 175 175 177 178 178 178 179 179 179 179 179 180 180 181 180 180 179 179 178 178 178 179 180 180 179 179 179 178 178 177 177 177 177 177 178 179 179 181 184 184 187 187 190 193 193 197
214 214 210 202 202 197 194 194 191 191 189 188 188 186 185 185 184 184 183 182 182 180 178 178 175 175 172 168 168 165 165 165 165 165 164 164 164 163 164 164 165 165 167 169 169 171 173 173 174 174 176 178 178 179 179 179 179 179 180 180 180 180 180 180 178 178 176 177 177 178 178 178 178 178 177 176 176 175 175 175 176 176 177 179 179 181 183 183 187 187 190 194 194 198
215 215 211 202 202 196 192 192 190 190 188 187 187 185 184 184 183 183 182 181 181 180 177 177 174 174 171 167 167 165 165 165 165 165 164 163 163 163 164 164 165 165 166 166 166 167 169 169 171 171 173 176 176 178 179 179 180 180 180 180 180 179 178 178 176 176 175 175 175 176 177 177 176 176 174 173 173 173 174 174 175 175 177 178 178 181 184 184 187 187 191 195 195 198
215 215 211 202 202 196 192 192 190 190 188 187 187 185 184 184 183 183 182 181 181 180 177 177 174 174 171 167 167 165 165 165 165 165 164 163 163 163 164 164 165 165 166 166 166 167 169 169 171 171 173 176 176 178 179 179 180 180 180 180 180 179 178 178 176 176 175 175 175 176 177 177 176 176 174 173 173 173 174 174 175 175 177 178 178 181 184 184 187 187 191 195 195 198
215 215 211 202 202 195 191 191 189 189 187 186 186 185 184 184 183 183 182 181 181 179 177 177 174 174 170 167 167 167 167 167 166 166 166 165 165 165 165 165 165 165 165 164 164 164 164 164 166 166 169 172 172 176 179 179 180 180 180 179 179 178 176 176 174 174 173 174 174 174 174 174 173 173 171 170 170 171 172 172 174 174 176 177 177 181 185 185 188 188 192 195 195 200
214 214 209 201 201 195 190 190 188 188 186 185 185 184 184 184 183 183 182 180 180 179 177 177 173 173 169 167 167 169 169 169 169 169 169 168 168 168 167 167 167 167 166 165 165 164 164 164 164 164 166 169 169 172 175 175 178 178 179 179 179 176 173 173 172 172 172 172 172 172 171 171 170 170 168 168 168 169 171 171 173 173 175 178 178 181 185 185 188 188 192 196 196 201
214 214 209 201 201 195 190 190 188 188 186 185 185 184 184 184 183 183 182 180 180 179 177 177 173 173 169 167 167 169 169 169 169 169 169 168 168 168 167 167 167 167 166 165 165 164 164 164 164 164 166 169 169 172 175 175 178 178 179 179 179 176 173 173 172 172 172 172 172 172 171 171 170 170 168 168 168 169 171 171 173 173 175 178 178 181 185 185 188 188 192 196 196 201
212 212 207 199 199 193 189 189 187 187 185 185 185 184 183 183 182 182 181 180 180 178 176 176 173 173 170 169 169 171 172 172 172 172 172 171 171 171 170 170 168 168 167 166 166 166 165 165 166 166 167 168 168 171 173 173 176 176 177 176 176 174 172 172 171 171 171 171 171 171 169 169 167 167 166 166 166 167 169 169 172 172 175 178 178 182 185 185 188 188 191 196 196 202
212 212 207 199 199 193 189 189 187 187 185 185 185 184 183 183 182 182 181 180 180 178 176 176 173 173 170 169 169 171 172 172 172 172 172 171 171 171 170 170 168 168 167 166 166 166 165 165 166 166 167 168 168 171 173 173 176 176 177 176 176 174 172 172 171 171 171 171 171 171 169 169 167 167 166 166 166 167 169 169 172 172 175 178 178 182 185 185 188 188 191 196 196 202
208 208 204 197 197 192 189 189 187 187 185 184 184 183 183 183 182 182 180 179 179 177 175 175 172 172 171 173 173 174 175 175 175 175 175 173 173 172 171 171 170 170 169 168 168 167 168 168 168 168 168 169 169 171 173 173 175 175 175 174 174 172 171 171 170 170 170 170 170 169 167 167 165 165 164 164 164 165 167 167 171 171 175 179 179 182 184 184 187 187 191 197 197 204
201 201 199 195 195 192 189 189 187 187 185 183 183 183 182 182 181 181 179 178 178 176 173 173 171 171 173 177 177 178 178 178 177 177 176 174 174 173 173 173 172 172 171 169 169 169 170 170 170 170 170 170 170 172 173 173 174 174 174 174 174 173 172 172 171 171 169 168 168 167 165 165 163 163 162 162 162 163 167 167 171 171 174 177 177 180 183 183 186 186 191 197 197 204
201 201 199 195 195 192 189 189 187 187 185 183 183 183 182 182 181 181 179 178 178 176 173 173 171 171 173 177 177 178 178 178 177 177 176 174 174 173 173 173 172 172 171 169 169 169 170 170 170 170 170 170 170 172 173 173 174 174 174 174 174 173 172 172 171 171 169 168 168 167 165 165 163 163 162 162 162 163 167 167 171 171 174 177 177 180 183 183 186 186 191 197 197 204
