src/images/mdt_0_10_20m_ang.asc
ncols	100
nrows	103
xllcorner	417958.405121
yllcorner	4513292.473900
cellsize	20.000000
NODATA_value	-9999.000000
[rows 50 to 99 of 103, columns 0 to 95 of 100]
340 340 343 348 348 352 354 354 356 356 359 1 1 3 5 5 8 8 9 11 11 12 12 12 12 12 12 13 13 15 15 15 14 14 10 5 5 1 358 358 352 352 341 331 331 323 317 317 317 317 319 321 321 323 326 326 327 327 328 329 329 332 335 335 340 340 346 352 352 358 3 3 10 10 18 24 24 26 24 24 20 20 16 12 12 9 7 7 8 8 9 8 8 9 14 14
340 340 343 348 348 352 354 354 356 356 359 1 1 3 5 5 8 8 9 11 11 12 12 12 12 12 12 13 13 15 15 15 14 14 10 5 5 1 358 358 352 352 341 331 331 323 317 317 317 317 319 321 321 323 326 326 327 327 328 329 329 332 335 335 340 340 346 352 352 358 3 3 10 10 18 24 24 26 24 24 20 20 16 12 12 9 7 7 8 8 9 8 8 9 14 14
340 340 343 348 348 352 355 355 358 358 0 3 3 5 8 8 11 11 12 13 13 14 15 15 15 15 16 16 16 16 16 16 15 15 13 10 10 6 2 2 355 355 347 339 339 334 329 329 327 327 326 328 328 329 329 329 329 329 330 332 332 335 339 339 342 342 346 351 351 357 4 4 10 10 15 19 19 20 18 18 14 14 10 7 7 6 5 5 5 5 6 7 7 10 15 15
340 340 344 349 349 354 358 358 1 1 3 5 5 8 11 11 14 14 15 16 16 17 18 18 18 18 19 18 18 17 15 15 14 14 13 11 11 7 1 1 354 354 349 344 344 340 337 337 334 334 332 332 332 332 332 332 331 331 332 334 334 338 341 341 344 344 348 351 351 357 3 3 8 8 11 14 14 15 14 14 9 9 5 3 3 3 3 3 2 2 4 7 7 13 18 18
340 340 344 349 349 354 358 358 1 1 3 5 5 8 11 11 14 14 15 16 16 17 18 18 18 18 19 18 18 17 15 15 14 14 13 11 11 7 1 1 354 354 349 344 344 340 337 337 334 334 332 332 332 332 332 332 331 331 332 334 334 338 341 341 344 344 348 351 351 357 3 3 8 8 11 14 14 15 14 14 9 9 5 3 3 3 3 3 2 2 4 7 7 13 18 18
343 343 346 352 352 357 1 1 4 4 6 8 8 11 14 14 16 16 18 20 20 20 20 20 19 19 18 16 16 14 12 12 10 10 9 7 7 4 359 359 354 354 350 346 346 343 341 341 338 338 336 335 335 335 334 334 334 334 335 337 337 340 343 343 347 347 349 352 352 356 1 1 5 5 8 10 10 11 9 9 5 5 2 1 1 1 1 1 1 1 3 10 10 17 23 23
343 343 346 352 352 357 1 1 4 4 6 8 8 11 14 14 16 16 18 20 20 20 20 20 19 19 18 16 16 14 12 12 10 10 9 7 7 4 359 359 354 354 350 346 346 343 341 341 338 338 336 335 335 335 334 334 334 334 335 337 337 340 343 343 347 347 349 352 352 356 1 1 5 5 8 10 10 11 9 9 5 5 2 1 1 1 1 1 1 1 3 10 10 17 23 23
348 348 351 357 357 2 5 5 8 8 10 13 13 14 15 15 17 17 20 20 20 19 17 17 16 16 14 12 12 10 8 8 7 7 5 3 3 0 357 357 354 354 350 347 347 345 343 343 341 341 339 338 338 338 337 337 337 337 338 340 340 343 346 346 349 349 351 353 353 356 359 359 2 2 5 6 6 5 3 3 2 2 1 0 0 0 1 1 2 2 6 13 13 21 26 26
356 356 358 3 3 6 9 9 11 11 13 14 14 14 14 14 15 15 16 16 16 14 13 13 12 12 10 8 8 7 5 5 4 4 2 0 0 358 355 355 353 353 350 348 348 346 344 344 343 343 341 341 341 340 340 340 340 340 342 344 344 347 349 349 351 351 352 354 354 356 359 359 1 1 2 2 2 360 359 359 360 360 1 1 1 1 2 2 5 5 10 17 17 23 27 27
356 356 358 3 3 6 9 9 11 11 13 14 14 14 14 14 15 15 16 16 16 14 13 13 12 12 10 8 8 7 5 5 4 4 2 0 0 358 355 355 353 353 350 348 348 346 344 344 343 343 341 341 341 340 340 340 340 340 342 344 344 347 349 349 351 351 352 354 354 356 359 359 1 1 2 2 2 360 359 359 360 360 1 1 1 1 2 2 5 5 10 17 17 23 27 27
5 5 6 8 8 9 11 11 12 12 13 13 13 13 13 13 12 12 12 12 12 11 10 10 9 9 7 6 6 4 2 2 1 1 359 357 357 355 353 353 352 352 350 348 348 346 344 344 343 343 343 343 343 343 343 343 344 344 346 349 349 351 353 353 353 353 354 355 355 357 358 358 359 359 360 358 358 357 357 357 359 359 0 1 1 2 4 4 8 8 13 19 19 24 27 27
13 13 12 12 12 12 12 12 12 12 12 12 12 12 12 12 11 11 10 10 10 9 8 8 7 7 5 4 4 2 360 360 358 358 356 354 354 352 351 351 350 350 349 347 347 345 344 344 344 344 344 345 345 345 345 345 347 347 350 353 353 355 356 356 356 356 356 357 357 358 358 358 359 359 358 356 356 356 357 357 359 359 0 2 2 4 6 6 10 10 15 20 20 24 27 27
13 13 12 12 12 12 12 12 12 12 12 12 12 12 12 12 11 11 10 10 10 9 8 8 7 7 5 4 4 2 360 360 358 358 356 354 354 352 351 351 350 350 349 347 347 345 344 344 344 344 344 345 345 345 345 345 347 347 350 353 353 355 356 356 356 356 356 357 357 358 358 358 359 359 358 356 356 356 357 357 359 359 0 2 2 4 6 6 10 10 15 20 20 24 27 27
17 17 16 15 15 14 13 13 13 13 12 11 11 11 11 11 10 10 9 8 8 7 6 6 5 5 3 1 1 359 357 357 355 355 353 352 352 350 349 349 349 349 347 346 346 345 345 345 345 345 346 347 347 347 348 348 350 350 353 356 356 357 358 358 358 358 358 359 359 358 358 358 358 358 357 356 356 356 357 357 359 359 1 3 3 5 8 8 12 12 16 19 19 23 25 25
17 17 16 15 15 14 13 13 13 13 12 11 11 11 11 11 10 10 9 8 8 7 6 6 5 5 3 1 1 359 357 357 355 355 353 352 352 350 349 349 349 349 347 346 346 345 345 345 345 345 346 347 347 347 348 348 350 350 353 356 356 357 358 358 358 358 358 359 359 358 358 358 358 358 357 356 356 356 357 357 359 359 1 3 3 5 8 8 12 12 16 19 19 23 25 25
21 21 20 17 17 15 14 14 13 13 12 11 11 11 10 10 10 10 8 7 7 6 5 5 3 3 0 358 358 356 354 354 352 352 351 350 350 349 348 348 347 347 346 346 346 346 347 347 348 348 350 350 350 349 351 351 353 353 355 357 357 357 358 358 359 359 359 360 360 359 359 359 358 358 357 357 357 357 357 357 358 358 1 3 3 6 9 9 12 12 15 18 18 20 23 23
24 24 23 19 19 16 14 14 13 13 12 11 11 10 9 9 9 9 7 6 6 4 3 3 1 1 358 356 356 353 351 351 350 350 349 348 348 347 346 346 346 346 346 346 346 348 350 350 352 352 353 353 353 354 354 354 355 355 356 357 357 357 358 358 359 359 360 360 360 360 360 360 359 359 358 358 358 358 358 358 359 359 0 2 2 5 8 8 11 11 13 16 16 18 22 22
24 24 23 19 19 16 14 14 13 13 12 11 11 10 9 9 9 9 7 6 6 4 3 3 1 1 358 356 356 353 351 351 350 350 349 348 348 347 346 346 346 346 346 346 346 348 350 350 352 352 353 353 353 354 354 354 355 355 356 357 357 357 358 358 359 359 360 360 360 360 360 360 359 359 358 358 358 358 358 358 359 359 0 2 2 5 8 8 11 11 13 16 16 18 22 22
28 28 25 20 20 17 15 15 13 13 12 10 10 9 9 9 8 8 7 5 5 3 1 1 359 359 356 354 354 351 349 349 348 348 347 347 347 346 345 345 345 345 346 348 348 351 353 353 354 354 354 356 356 357 358 358 358 358 358 358 358 357 358 358 359 359 360 360 360 0 360 360 360 360 359 359 359 359 359 359 359 359 359 1 1 4 7 7 9 9 12 14 14 17 21 21
31 31 27 21 21 18 15 15 13 13 11 10 10 9 8 8 7 7 5 4 4 2 360 360 357 357 354 352 352 349 347 347 346 346 346 345 345 345 344 344 345 345 347 350 350 353 354 354 355 355 356 357 357 358 359 359 359 359 359 359 359 359 359 359 359 359 359 359 359 360 360 360 360 360 360 360 360 359 358 358 358 358 359 360 360 2 5 5 8 8 10 13 13 17 22 22
31 31 27 21 21 18 15 15 13 13 11 10 10 9 8 8 7 7 5 4 4 2 360 360 357 357 354 352 352 349 347 347 346 346 346 345 345 345 344 344 345 345 347 350 350 353 354 354 355 355 356 357 357 358 359 359 359 359 359 359 359 359 359 359 359 359 359 359 359 360 360 360 360 360 360 360 360 359 358 358 358 358 359 360 360 2 5 5 8 8 10 13 13 17 22 22
32 32 29 22 22 18 15 15 12 12 10 9 9 7 6 6 5 5 4 3 3 1 359 359 356 356 353 350 350 347 346 346 346 346 345 344 344 344 344 344 345 345 348 351 351 353 354 354 355 355 357 358 358 358 359 359 359 359 359 0 0 1 0 0 359 359 358 358 358 359 360 360 359 359 359 358 358 357 357 357 357 357 358 359 359 1 4 4 7 7 10 13 13 17 22 22
32 32 29 22 22 18 15 15 12 12 10 9 9 7 6 6 5 5 4 3 3 1 359 359 356 356 353 350 350 347 346 346 346 346 345 344 344 344 344 344 345 345 348 351 351 353 354 354 355 355 357 358 358 358 359 359 359 359 359 0 0 1 0 0 359 359 358 358 358 359 360 360 359 359 359 358 358 357 357 357 357 357 358 359 359 1 4 4 7 7 10 13 13 17 22 22
34 34 30 22 22 17 14 14 11 11 9 8 8 6 5 5 4 4 3 2 2 0 358 358 355 355 352 348 348 345 345 345 345 345 344 344 344 343 344 344 345 345 347 349 349 351 353 353 354 354 356 358 358 359 359 359 359 359 360 0 0 0 360 360 358 358 356 357 357 358 358 358 358 358 357 356 356 355 355 355 356 356 357 359 359 1 3 3 7 7 10 14 14 18 23 23
35 35 31 22 22 16 12 12 10 10 8 7 7 5 4 4 3 3 2 1 1 360 357 357 354 354 351 347 347 345 345 345 345 345 344 343 343 343 344 344 345 345 346 346 346 347 349 349 351 351 353 356 356 358 359 359 360 360 360 360 360 359 358 358 356 356 355 355 355 356 357 357 356 356 354 353 353 353 354 354 355 355 357 358 358 1 4 4 7 7 11 15 15 18 24 24
35 35 31 22 22 16 12 12 10 10 8 7 7 5 4 4 3 3 2 1 1 360 357 357 354 354 351 347 347 345 345 345 345 345 344 343 343 343 344 344 345 345 346 346 346 347 349 349 351 351 353 356 356 358 359 359 360 360 360 360 360 359 358 358 356 356 355 355 355 356 357 357 356 356 354 353 353 353 354 354 355 355 357 358 358 1 4 4 7 7 11 15 15 18 24 24
35 35 31 22 22 15 11 11 9 9 7 6 6 5 4 4 3 3 2 1 1 359 357 357 354 354 350 347 347 347 347 347 346 346 346 345 345 345 345 345 345 345 345 344 344 344 344 344 346 346 349 352 352 356 359 359 360 360 0 359 359 358 356 356 354 354 353 354 354 354 354 354 353 353 351 350 350 351 352 352 354 354 356 357 357 1 5 5 8 8 12 15 15 20 26 26
34 34 29 21 21 15 10 10 8 8 6 5 5 4 4 4 3 3 2 0 0 359 357 357 353 353 349 347 347 349 349 349 349 349 349 348 348 348 347 347 347 347 346 345 345 344 344 344 344 344 346 349 349 352 355 355 358 358 359 359 359 356 353 353 352 352 352 352 352 352 351 351 350 350 348 348 348 349 351 351 353 353 355 358 358 1 5 5 8 8 12 16 16 21 28 28
34 34 29 21 21 15 10 10 8 8 6 5 5 4 4 4 3 3 2 0 0 359 357 357 353 353 349 347 347 349 349 349 349 349 349 348 348 348 347 347 347 347 346 345 345 344 344 344 344 344 346 349 349 352 355 355 358 358 359 359 359 356 353 353 352 352 352 352 352 352 351 351 350 350 348 348 348 349 351 351 353 353 355 358 358 1 5 5 8 8 12 16 16 21 28 28
32 32 27 19 19 13 9 9 7 7 5 5 5 4 3 3 2 2 1 360 360 358 356 356 353 353 350 349 349 351 352 352 352 352 352 351 351 351 350 350 348 348 347 346 346 346 345 345 346 346 347 348 348 351 353 353 356 356 357 356 356 354 352 352 351 351 351 351 351 351 349 349 347 347 346 346 346 347 349 349 352 352 355 358 358 2 5 5 8 8 11 16 16 22 30 30
32 32 27 19 19 13 9 9 7 7 5 5 5 4 3 3 2 2 1 360 360 358 356 356 353 353 350 349 349 351 352 352 352 352 352 351 351 351 350 350 348 348 347 346 346 346 345 345 346 346 347 348 348 351 353 353 356 356 357 356 356 354 352 352 351 351 351 351 351 351 349 349 347 347 346 346 346 347 349 349 352 352 355 358 358 2 5 5 8 8 11 16 16 22 30 30
28 28 24 17 17 12 9 9 7 7 5 4 4 3 3 3 2 2 0 359 359 357 355 355 352 352 351 353 353 354 355 355 355 355 355 353 353 352 351 351 350 350 349 348 348 347 348 348 348 348 348 349 349 351 353 353 355 355 355 354 354 352 351 351 350 350 350 350 350 349 347 347 345 345 344 344 344 345 347 347 351 351 355 359 359 2 4 4 7 7 11 17 17 24 32 32
21 21 19 15 15 12 9 9 7 7 5 3 3 3 2 2 1 1 359 358 358 356 353 353 351 351 353 357 357 358 358 358 357 357 356 354 354 353 353 353 352 352 351 349 349 349 350 350 350 350 350 350 350 352 353 353 354 354 354 354 354 353 352 352 351 351 349 348 348 347 345 345 343 343 342 342 342 343 347 347 351 351 354 357 357 0 3 3 6 6 11 17 17 24 32 32
21 21 19 15 15 12 9 9 7 7 5 3 3 3 2 2 1 1 359 358 358 356 353 353 351 351 353 357 357 358 358 358 357 357 356 354 354 353 353 353 352 352 351 349 349 349 350 350 350 350 350 350 350 352 353 353 354 354 354 354 354 353 352 352 351 351 349 348 348 347 345 345 343 343 342 342 342 343 347 347 351 351 354 357 357 0 3 3 6 6 11 17 17 24 32 32
10 10 13 14 14 13 10 10 8 8 5 3 3 2 2 2 0 0 359 357 357 355 352 352 352 352 355 359 359 0 360 360 358 358 356 355 355 354 354 354 353 353 352 351 351 351 351 351 351 351 352 352 352 352 352 352 352 352 353 354 354 354 354 354 352 352 349 346 346 344 342 342 341 341 340 340 340 342 346 346 350 350 353 355 355 358 2 2 6 6 10 16 16 24 32 32
360 360 6 12 12 13 11 11 9 9 6 4 4 2 1 1 360 360 358 356 356 353 352 352 354 354 357 0 0 1 0 0 358 358 356 355 355 355 355 355 354 354 354 353 353 353 353 353 353 353 354 353 353 353 352 352 351 351 352 353 353 354 355 355 353 353 349 345 345 341 338 338 337 337 336 336 336 339 343 343 347 347 350 353 353 356 0 0 5 5 10 16 16 24 33 33
360 360 6 12 12 13 11 11 9 9 6 4 4 2 1 1 360 360 358 356 356 353 352 352 354 354 357 0 0 1 0 0 358 358 356 355 355 355 355 355 354 354 354 353 353 353 353 353 353 353 354 353 353 353 352 352 351 351 352 353 353 354 355 355 353 353 349 345 345 341 338 338 337 337 336 336 336 339 343 343 347 347 350 353 353 356 0 0 5 5 10 16 16 24 33 33
353 353 358 7 7 11 12 12 10 10 7 5 5 3 1 1 359 359 357 355 355 353 353 353 355 355 359 0 0 0 360 360 358 358 357 356 356 356 356 356 356 356 356 355 355 356 356 356 356 356 356 354 354 353 353 353 352 352 353 353 353 355 355 355 353 353 350 345 345 339 334 334 332 332 330 330 330 333 336 336 339 339 344 348 348 353 358 358 4 4 10 18 18 25 33 33
353 353 358 7 7 11 12 12 10 10 7 5 5 3 1 1 359 359 357 355 355 353 353 353 355 355 359 0 0 0 360 360 358 358 357 356 356 356 356 356 356 356 356 355 355 356 356 356 356 356 356 354 354 353 353 353 352 352 353 353 353 355 355 355 353 353 350 345 345 339 334 334 332 332 330 330 330 333 336 336 339 339 344 348 348 353 358 358 4 4 10 18 18 25 33 33
348 348 353 1 1 8 11 11 11 11 9 6 6 3 0 0 358 358 356 355 355 353 354 354 356 356 359 360 360 0 360 360 359 359 358 357 357 357 357 357 358 358 358 357 357 358 358 358 358 358 357 355 355 355 355 355 355 355 355 355 355 356 356 356 355 355 352 348 348 343 336 336 329 329 325 323 323 323 325 325 329 329 335 342 342 348 354 354 2 2 11 18 18 24 31 31
344 344 349 357 357 4 9 9 12 12 11 7 7 3 360 360 357 357 355 354 354 353 355 355 357 357 359 360 360 1 1 1 1 1 0 359 359 359 359 359 360 360 360 360 360 360 360 360 358 358 357 356 356 356 357 357 357 357 357 357 357 357 357 357 357 357 357 355 355 352 346 346 338 338 330 324 324 321 319 319 320 320 325 333 333 340 349 349 1 1 11 16 16 20 25 25
344 344 349 357 357 4 9 9 12 12 11 7 7 3 360 360 357 357 355 354 354 353 355 355 357 357 359 360 360 1 1 1 1 1 0 359 359 359 359 359 360 360 360 360 360 360 360 360 358 358 357 356 356 356 357 357 357 357 357 357 357 357 357 357 357 357 357 355 355 352 346 346 338 338 330 324 324 321 319 319 320 320 325 333 333 340 349 349 1 1 11 16 16 20 25 25
340 340 345 353 353 360 6 6 10 10 11 8 8 4 359 359 355 355 353 352 352 354 356 356 359 359 1 2 2 3 4 4 5 5 4 3 3 2 1 1 1 1 2 2 2 2 0 0 359 359 358 358 358 358 358 358 358 358 359 359 359 359 359 359 360 360 1 2 2 0 356 356 349 349 341 334 334 330 326 326 324 324 325 329 329 333 343 343 360 360 9 12 12 14 17 17
336 336 341 349 349 356 2 2 7 7 9 8 8 4 358 358 353 353 351 352 352 355 359 359 2 2 5 6 6 7 8 8 9 9 9 7 7 5 4 4 4 4 4 3 3 3 2 2 1 1 360 359 359 359 360 360 360 360 360 360 360 0 1 1 3 3 6 8 8 6 1 1 354 354 348 343 343 339 337 337 337 337 338 340 340 342 348 348 357 357 3 5 5 5 4 4
336 336 341 349 349 356 2 2 7 7 9 8 8 4 358 358 353 353 351 352 352 355 359 359 2 2 5 6 6 7 8 8 9 9 9 7 7 5 4 4 4 4 4 3 3 3 2 2 1 1 360 359 359 359 360 360 360 360 360 360 360 0 1 1 3 3 6 8 8 6 1 1 354 354 348 343 343 339 337 337 337 337 338 340 340 342 348 348 357 357 3 5 5 5 4 4
333 333 337 345 345 353 360 360 4 4 7 7 7 3 356 356 351 351 350 352 352 357 2 2 7 7 10 12 12 14 14 14 14 14 13 11 11 9 7 7 6 6 5 4 4 3 3 3 3 3 2 1 1 1 1 1 1 1 1 1 1 2 5 5 8 8 10 9 9 6 2 2 357 357 351 348 348 345 345 345 346 346 349 352 352 355 356 356 358 358 360 359 359 357 353 353
333 333 337 345 345 353 360 360 4 4 7 7 7 3 356 356 351 351 350 352 352 357 2 2 7 7 10 12 12 14 14 14 14 14 13 11 11 9 7 7 6 6 5 4 4 3 3 3 3 3 2 1 1 1 1 1 1 1 1 1 1 2 5 5 8 8 10 9 9 6 2 2 357 357 351 348 348 345 345 345 346 346 349 352 352 355 356 356 358 358 360 359 359 357 353 353
329 329 333 342 342 352 358 358 2 2 4 5 5 2 356 356 351 351 351 353 353 358 5 5 12 12 18 22 22 22 21 21 18 18 16 14 14 12 9 9 7 7 5 4 4 4 4 4 4 4 4 4 4 3 3 3 2 2 2 3 3 5 9 9 11 11 10 7 7 5 2 2 357 357 353 350 350 349 350 350 353 353 356 358 358 359 359 359 360 360 359 357 357 354 349 349
320 320 332 348 348 355 359 359 1 1 3 3 3 1 357 357 353 353 352 353 353 358 4 4 14 14 30 39 39 39 29 29 21 21 18 16 16 13 10 10 7 7 5 4 4 4 4 4 5 5 5 5 5 4 3 3 2 2 3 4 4 7 9 9 8 8 6 5 5 3 1 1 358 358 354 352 352 352 354 354 357 357 359 0 0 0 0 0 360 360 359 358 358 355 350 350
320 320 332 348 348 355 359 359 1 1 3 3 3 1 357 357 353 353 352 353 353 358 4 4 14 14 30 39 39 39 29 29 21 21 18 16 16 13 10 10 7 7 5 4 4 4 4 4 5 5 5 5 5 4 3 3 2 2 3 4 4 7 9 9 8 8 6 5 5 3 1 1 358 358 354 352 352 352 354 354 357 357 359 0 0 0 0 0 360 360 359 358 358 355 350 350
