src/images/mdt_180_10_20m_ang.asc
ncols	100
nrows	103
xllcorner	417958.405121
yllcorner	4513292.473900
cellsize	20.000000
NODATA_value	-9999.000000
[rows 0 to 41 of 103, columns 0 to 93 of 100]
181 181 177 179 179 181 180 180 179 179 179 179 179 179 179 179 179 179 179 178 178 178 178 178 179 179 179 179 179 179 179 179 179 179 180 180 180 180 180 180 180 180 179 179 179 179 179 179 179 179 180 180 180 181 181 181 181 181 182 182 182 182 182 182 181 181 181 181 181 180 180 180 180 180 180 180 180 180 180 180 180 180 180 180 180 180 179 179 179 179 180 181 181 181
181 181 177 179 179 181 180 180 179 179 179 179 179 179 179 179 179 179 179 178 178 178 178 178 179 179 179 179 179 179 179 179 179 179 180 180 180 180 180 180 180 180 179 179 179 179 179 179 179 179 180 180 180 181 181 181 181 181 182 182 182 182 182 182 181 181 181 181 181 180 180 180 180 180 180 180 180 180 180 180 180 180 180 180 180 180 179 179 179 179 180 181 181 181
181 181 177 179 179 181 180 180 179 179 179 179 179 179 179 179 179 179 179 178 178 178 178 178 179 179 179 179 179 179 179 179 179 179 180 180 180 180 180 180 180 180 179 179 179 179 179 179 179 179 180 180 180 181 181 181 181 181 182 182 182 182 182 182 181 181 181 181 181 180 180 180 180 180 180 180 180 180 180 180 180 180 180 180 180 180 179 179 179 179 180 181 181 181
181 181 177 179 179 181 180 180 179 179 179 179 179 179 179 179 179 179 179 178 178 178 178 178 179 179 179 179 179 179 179 179 179 179 180 180 180 180 180 180 180 180 179 179 179 179 179 179 179 179 180 180 180 181 181 181 181 181 182 182 182 182 182 182 181 181 181 181 181 180 180 180 180 180 180 180 180 180 180 180 180 180 180 180 180 180 179 179 179 179 180 181 181 181
178 178 176 178 178 181 180 180 178 178 177 177 177 177 177 177 178 178 177 177 177 177 177 177 178 178 178 179 179 179 179 179 179 179 179 179 179 179 180 180 179 179 179 179 179 179 179 179 179 179 180 181 181 181 182 182 182 182 183 184 184 184 183 183 182 182 182 181 181 180 180 180 180 180 180 180 180 180 180 180 180 180 180 180 180 179 179 179 179 179 180 181 181 182
177 177 177 179 179 180 178 178 175 175 174 173 173 174 174 174 175 175 175 175 175 175 175 175 176 176 177 178 178 178 178 178 178 178 178 179 179 179 179 179 179 179 179 179 179 179 179 179 179 179 180 182 182 182 183 183 185 185 186 186 186 186 185 185 184 184 182 181 181 180 180 180 180 180 180 180 180 180 180 180 180 180 180 180 180 179 179 179 180 180 182 183 183 183
177 177 177 179 179 180 178 178 175 175 174 173 173 174 174 174 175 175 175 175 175 175 175 175 176 176 177 178 178 178 178 178 178 178 178 179 179 179 179 179 179 179 179 179 179 179 179 179 179 179 180 182 182 182 183 183 185 185 186 186 186 186 185 185 184 184 182 181 181 180 180 180 180 180 180 180 180 180 180 180 180 180 180 180 180 179 179 179 180 180 182 183 183 183
182 182 183 183 183 180 176 176 172 172 170 169 169 170 170 170 171 171 172 173 173 174 174 174 175 175 176 177 177 178 178 178 178 178 178 178 178 178 178 178 178 178 178 179 179 179 180 180 181 181 182 183 183 184 185 185 187 187 187 188 188 188 186 186 184 184 181 180 180 179 179 179 180 180 180 180 180 179 179 179 180 180 181 181 181 180 180 180 182 182 184 184 184 184
182 182 183 183 183 180 176 176 172 172 170 169 169 170 170 170 171 171 172 173 173 174 174 174 175 175 176 177 177 178 178 178 178 178 178 178 178 178 178 178 178 178 178 179 179 179 180 180 181 181 182 183 183 184 185 185 187 187 187 188 188 188 186 186 184 184 181 180 180 179 179 179 180 180 180 180 180 179 179 179 180 180 181 181 181 180 180 180 182 182 184 184 184 184
181 181 188 186 186 181 175 175 171 171 169 167 167 167 167 167 167 167 168 170 170 172 173 173 174 174 175 175 175 177 178 178 178 178 178 178 178 177 177 177 177 177 178 179 179 180 181 181 182 182 183 184 184 185 187 187 188 188 189 189 189 188 187 187 184 184 182 180 180 179 179 179 179 179 179 179 179 178 178 178 179 179 181 181 181 181 181 181 183 183 184 185 185 185
179 179 193 189 189 181 175 175 171 171 169 167 167 166 164 164 164 164 165 166 166 169 171 171 172 172 173 174 174 175 177 177 178 178 178 178 178 177 177 177 176 176 177 179 179 180 182 182 183 183 184 186 186 187 188 188 189 189 189 189 189 188 187 187 185 185 183 180 180 178 178 178 178 178 178 178 178 177 178 178 180 180 181 181 181 181 182 182 183 183 184 185 185 185
179 179 193 189 189 181 175 175 171 171 169 167 167 166 164 164 164 164 165 166 166 169 171 171 172 172 173 174 174 175 177 177 178 178 178 178 178 177 177 177 176 176 177 179 179 180 182 182 183 183 184 186 186 187 188 188 189 189 189 189 189 188 187 187 185 185 183 180 180 178 178 178 178 178 178 178 178 177 178 178 180 180 181 181 181 181 182 182 183 183 184 185 185 185
181 181 196 191 191 182 176 176 172 172 169 167 167 165 164 164 162 162 162 163 163 165 167 167 170 170 171 172 172 174 176 176 177 177 178 179 179 178 176 176 176 176 177 179 179 181 183 183 184 184 185 187 187 187 188 188 188 188 189 189 189 188 187 187 186 186 184 181 181 179 177 177 176 176 176 176 176 177 178 178 180 180 181 181 181 181 182 182 183 183 184 185 185 185
181 181 197 192 192 184 178 178 173 173 169 167 167 165 163 163 162 162 161 161 161 162 164 164 166 166 168 171 171 173 174 174 176 176 178 179 179 178 176 176 176 176 177 179 179 181 183 183 185 185 186 186 186 187 187 187 187 187 188 188 188 188 187 187 186 186 185 183 183 180 178 178 176 176 176 176 176 177 178 178 179 179 181 181 181 181 182 182 183 183 184 185 185 186
181 181 197 192 192 184 178 178 173 173 169 167 167 165 163 163 162 162 161 161 161 162 164 164 166 166 168 171 171 173 174 174 176 176 178 179 179 178 176 176 176 176 177 179 179 181 183 183 185 185 186 186 186 187 187 187 187 187 188 188 188 188 187 187 186 186 185 183 183 180 178 178 176 176 176 176 176 177 178 178 179 179 181 181 181 181 182 182 183 183 184 185 185 186
180 180 197 193 193 185 179 179 175 175 171 167 167 165 163 163 162 162 160 159 159 160 161 161 163 163 165 168 168 171 173 173 175 175 178 180 180 179 177 177 176 176 177 180 180 182 183 183 185 185 185 186 186 186 186 186 186 186 187 187 187 187 186 186 186 186 185 184 184 182 179 179 177 177 177 177 177 177 177 177 178 178 180 181 181 182 183 183 184 184 184 185 185 186
180 180 197 193 193 185 179 179 175 175 171 167 167 165 163 163 162 162 160 159 159 160 161 161 163 163 165 168 168 171 173 173 175 175 178 180 180 179 177 177 176 176 177 180 180 182 183 183 185 185 185 186 186 186 186 186 186 186 187 187 187 187 186 186 186 186 185 184 184 182 179 179 177 177 177 177 177 177 177 177 178 178 180 181 181 182 183 183 184 184 184 185 185 186
179 179 198 194 194 187 181 181 176 176 172 168 168 165 164 164 162 162 160 158 158 158 158 158 160 160 162 165 165 168 171 171 174 174 177 179 179 180 178 178 176 176 176 179 179 182 184 184 184 184 184 184 184 184 184 184 184 184 185 186 186 186 186 186 186 186 185 184 184 183 181 181 179 179 179 178 178 177 178 178 179 179 180 182 182 183 184 184 184 184 184 185 185 187
180 180 200 196 196 187 181 181 177 177 174 171 171 168 165 165 163 163 161 158 158 156 156 156 157 157 159 161 161 164 168 168 172 172 175 178 178 180 180 180 178 178 177 179 179 182 183 183 184 184 183 182 182 182 182 182 182 182 182 183 183 185 186 186 186 186 186 185 185 184 183 183 182 182 180 179 179 178 179 179 179 179 180 182 182 184 185 185 185 185 185 186 186 187
180 180 200 196 196 187 181 181 177 177 174 171 171 168 165 165 163 163 161 158 158 156 156 156 157 157 159 161 161 164 168 168 172 172 175 178 178 180 180 180 178 178 177 179 179 182 183 183 184 184 183 182 182 182 182 182 182 182 182 183 183 185 186 186 186 186 186 185 185 184 183 183 182 182 180 179 179 178 179 179 179 179 180 182 182 184 185 185 185 185 185 186 186 187
181 181 203 194 194 183 180 180 178 178 175 173 173 171 169 169 165 165 162 159 159 155 154 154 155 155 157 158 158 161 165 165 168 168 172 176 176 179 180 180 180 180 179 180 180 182 182 182 182 182 181 180 180 179 179 179 179 179 179 181 181 184 186 186 187 187 187 187 187 186 185 185 184 184 182 181 181 180 181 181 181 181 181 183 183 185 185 185 185 185 185 186 186 187
189 189 175 176 176 179 179 179 179 179 178 176 176 175 172 172 169 169 165 161 161 157 154 154 152 152 153 155 155 157 161 161 164 164 168 173 173 177 181 181 182 182 181 181 181 181 180 180 180 180 179 178 178 177 176 176 176 176 177 179 179 182 185 185 187 187 188 188 188 188 187 187 185 185 183 183 183 182 182 182 182 182 183 184 184 185 186 186 186 186 185 186 186 187
189 189 175 176 176 179 179 179 179 179 178 176 176 175 172 172 169 169 165 161 161 157 154 154 152 152 153 155 155 157 161 161 164 164 168 173 173 177 181 181 182 182 181 181 181 181 180 180 180 180 179 178 178 177 176 176 176 176 177 179 179 182 185 185 187 187 188 188 188 188 187 187 185 185 183 183 183 182 182 182 182 182 183 184 184 185 186 186 186 186 185 186 186 187
207 207 182 169 169 177 179 179 180 180 180 180 180 178 175 175 171 171 168 164 164 161 156 156 150 150 148 150 150 154 157 157 161 161 165 169 169 174 180 180 183 183 182 181 181 180 179 179 178 178 177 175 175 174 173 173 173 173 175 178 178 181 184 184 187 187 188 190 190 190 189 189 188 188 186 185 185 184 184 184 184 184 184 185 185 186 186 186 186 186 185 186 186 188
207 207 182 169 169 177 179 179 180 180 180 180 180 178 175 175 171 171 168 164 164 161 156 156 150 150 148 150 150 154 157 157 161 161 165 169 169 174 180 180 183 183 182 181 181 180 179 179 178 178 177 175 175 174 173 173 173 173 175 178 178 181 184 184 187 187 188 190 190 190 189 189 188 188 186 185 185 184 184 184 184 184 184 185 185 186 186 186 186 186 185 186 186 188
201 201 190 177 177 177 180 180 182 182 183 183 183 181 178 178 174 174 171 168 168 163 158 158 152 152 148 147 147 150 154 154 157 157 161 166 166 172 177 177 181 181 182 180 180 179 177 177 176 176 174 172 172 171 171 171 171 171 173 176 176 179 183 183 186 186 188 191 191 192 192 192 191 191 189 187 187 186 185 185 185 185 185 185 185 186 186 186 185 185 186 187 187 189
188 188 187 183 183 181 183 183 185 185 187 186 186 184 180 180 177 177 173 170 170 165 160 160 156 156 151 147 147 147 150 150 154 154 158 163 163 169 175 175 178 178 180 180 180 178 176 176 174 174 172 170 170 168 169 169 170 170 172 175 175 178 181 181 185 185 189 192 192 194 195 195 194 194 192 189 189 187 186 186 186 186 186 186 186 186 186 186 186 186 187 188 188 190
188 188 187 183 183 181 183 183 185 185 187 186 186 184 180 180 177 177 173 170 170 165 160 160 156 156 151 147 147 147 150 150 154 154 158 163 163 169 175 175 178 178 180 180 180 178 176 176 174 174 172 170 170 168 169 169 170 170 172 175 175 178 181 181 185 185 189 192 192 194 195 195 194 194 192 189 189 187 186 186 186 186 186 186 186 186 186 186 186 186 187 188 188 190
183 183 183 185 185 186 188 188 189 189 190 189 189 186 181 181 177 177 173 169 169 166 162 162 158 158 155 151 151 147 147 147 150 150 155 161 161 167 171 171 176 176 179 179 179 176 173 173 171 171 169 167 167 167 167 167 169 169 171 174 174 177 181 181 185 185 189 192 192 194 196 196 196 196 195 192 192 189 188 188 187 187 186 186 186 186 186 186 187 187 188 189 189 191
181 181 184 188 188 191 193 193 194 194 193 191 191 186 181 181 176 176 172 169 169 166 163 163 160 160 157 154 154 151 148 148 149 149 153 159 159 164 169 169 174 174 177 176 176 173 170 170 168 168 167 166 166 165 166 166 168 168 170 173 173 177 181 181 185 185 188 191 191 194 196 196 197 197 197 195 195 192 189 189 187 187 186 186 186 187 187 187 188 188 189 190 190 192
181 181 184 188 188 191 193 193 194 194 193 191 191 186 181 181 176 176 172 169 169 166 163 163 160 160 157 154 154 151 148 148 149 149 153 159 159 164 169 169 174 174 177 176 176 173 170 170 168 168 167 166 166 165 166 166 168 168 170 173 173 177 181 181 185 185 188 191 191 194 196 196 197 197 197 195 195 192 189 189 187 187 186 186 186 187 187 187 188 188 189 190 190 192
184 184 187 194 194 197 197 197 196 196 194 190 190 184 179 179 174 174 171 168 168 166 163 163 161 161 159 157 157 155 153 153 150 150 151 155 155 161 167 167 172 172 174 173 173 171 168 168 166 166 164 164 164 164 165 165 167 167 170 174 174 178 181 181 185 185 187 190 190 193 196 196 198 198 199 198 198 194 191 191 188 188 187 187 187 188 188 188 189 189 189 191 191 193
184 184 187 194 194 197 197 197 196 196 194 190 190 184 179 179 174 174 171 168 168 166 163 163 161 161 159 157 157 155 153 153 150 150 151 155 155 161 167 167 172 172 174 173 173 171 168 168 166 166 164 164 164 164 165 165 167 167 170 174 174 178 181 181 185 185 187 190 190 193 196 196 198 198 199 198 198 194 191 191 188 188 187 187 187 188 188 188 189 189 189 191 191 193
193 193 195 197 197 198 196 196 194 194 190 186 186 183 178 178 173 173 170 168 168 166 163 163 161 161 160 159 159 158 157 157 155 155 153 153 153 158 165 165 170 170 170 170 170 168 166 166 164 164 162 162 162 162 164 164 166 166 170 174 174 177 181 181 183 183 186 189 189 192 195 195 198 198 200 199 199 196 192 192 189 189 187 188 188 189 189 189 189 189 190 192 192 194
200 200 199 196 196 193 191 191 189 189 186 184 184 181 178 178 174 174 172 170 170 167 165 165 163 163 162 161 161 160 159 159 159 159 158 155 155 157 163 163 167 167 168 168 168 166 165 165 162 162 160 160 160 161 163 163 166 166 170 173 173 176 179 179 182 182 185 188 188 191 194 194 198 198 201 200 200 198 194 194 190 190 188 188 188 189 190 190 190 190 191 193 193 195
200 200 199 196 196 193 191 191 189 189 186 184 184 181 178 178 174 174 172 170 170 167 165 165 163 163 162 161 161 160 159 159 159 159 158 155 155 157 163 163 167 167 168 168 168 166 165 165 162 162 160 160 160 161 163 163 166 166 170 173 173 176 179 179 182 182 185 188 188 191 194 194 198 198 201 200 200 198 194 194 190 190 188 188 188 189 190 190 190 190 191 193 193 195
202 202 199 193 193 190 187 187 186 186 184 182 182 180 178 178 176 176 174 172 172 170 169 169 167 167 165 163 163 162 161 161 161 161 160 159 159 159 162 162 164 164 165 165 165 165 163 163 162 162 160 159 159 160 163 163 166 166 170 172 172 175 178 178 181 181 184 187 187 190 193 193 197 197 199 200 200 199 195 195 190 190 188 189 189 189 190 190 191 191 192 194 194 196
200 200 197 191 191 188 185 185 183 183 181 180 180 178 178 178 177 177 176 174 174 173 173 173 171 171 169 166 166 165 164 164 162 162 161 160 160 161 163 163 163 163 163 163 163 163 162 162 162 162 160 159 159 160 162 162 166 166 169 172 172 174 177 177 180 180 182 186 186 189 192 192 195 195 197 199 199 199 197 197 192 192 189 189 189 190 190 190 191 191 193 194 194 196
200 200 197 191 191 188 185 185 183 183 181 180 180 178 178 178 177 177 176 174 174 173 173 173 171 171 169 166 166 165 164 164 162 162 161 160 160 161 163 163 163 163 163 163 163 163 162 162 162 162 160 159 159 160 162 162 166 166 169 172 172 174 177 177 180 180 182 186 186 189 192 192 195 195 197 199 199 199 197 197 192 192 189 189 189 190 190 190 191 191 193 194 194 196
197 197 194 189 189 186 183 183 181 181 179 178 178 178 178 178 178 178 177 176 176 175 175 175 175 175 173 171 171 169 167 167 165 165 163 162 162 162 163 163 161 161 161 161 161 161 161 161 161 161 160 160 160 161 162 162 165 165 168 170 170 173 176 176 178 178 180 183 183 187 190 190 192 192 195 197 197 199 198 198 195 195 190 189 189 190 191 191 192 192 194 195 195 197
197 197 194 189 189 186 183 183 181 181 179 178 178 178 178 178 178 178 177 176 176 175 175 175 175 175 173 171 171 169 167 167 165 165 163 162 162 162 163 163 161 161 161 161 161 161 161 161 161 161 160 160 160 161 162 162 165 165 168 170 170 173 176 176 178 178 180 183 183 187 190 190 192 192 195 197 197 199 198 198 195 195 190 189 189 190 191 191 192 192 194 195 195 197
193 193 190 186 186 183 181 181 179 179 177 177 177 177 178 178 178 178 178 178 178 177 177 177 177 177 177 176 176 174 171 171 168 168 166 165 165 163 161 161 160 160 159 159 159 159 159 159 159 159 159 160 160 161 163 163 164 164 166 168 168 171 173 173 175 175 177 180 180 184 188 188 190 190 193 196 196 199 201 201 199 199 194 191 191 192 193 193 194 194 195 196 196 198
