src/images/mdt_90_10_20m_ang.asc
ncols	100
nrows	103
xllcorner	417958.405121
yllcorner	4513292.473900
cellsize	20.000000
NODATA_value	-9999.000000
[rows 0 to 49 of 103, columns 0 to 95 of 100]
17 17 51 57 57 78 90 90 96 96 98 97 97 93 88 88 82 82 77 72 72 70 68 68 67 67 67 68 68 69 72 72 78 78 84 90 90 92 89 89 83 83 79 76 76 74 72 72 72 72 72 73 73 75 80 80 87 87 96 106 106 117 126 126 132 132 134 133 133 132 132 132 131 131 130 127 127 123 115 115 107 107 98 79 79 63 57 57 53 53 50 50 50 53 59 59
17 17 51 57 57 78 90 90 96 96 98 97 97 93 88 88 82 82 77 72 72 70 68 68 67 67 67 68 68 69 72 72 78 78 84 90 90 92 89 89 83 83 79 76 76 74 72 72 72 72 72 73 73 75 80 80 87 87 96 106 106 117 126 126 132 132 134 133 133 132 132 132 131 131 130 127 127 123 115 115 107 107 98 79 79 63 57 57 53 53 50 50 50 53 59 59
17 17 51 57 57 78 90 90 96 96 98 97 97 93 88 88 82 82 77 72 72 70 68 68 67 67 67 68 68 69 72 72 78 78 84 90 90 92 89 89 83 83 79 76 76 74 72 72 72 72 72 73 73 75 80 80 87 87 96 106 106 117 126 126 132 132 134 133 133 132 132 132 131 131 130 127 127 123 115 115 107 107 98 79 79 63 57 57 53 53 50 50 50 53 59 59
17 17 51 57 57 78 90 90 96 96 98 97 97 93 88 88 82 82 77 72 72 70 68 68 67 67 67 68 68 69 72 72 78 78 84 90 90 92 89 89 83 83 79 76 76 74 72 72 72 72 72 73 73 75 80 80 87 87 96 106 106 117 126 126 132 132 134 133 133 132 132 132 131 131 130 127 127 123 115 115 107 107 98 79 79 63 57 57 53 53 50 50 50 53 59 59
38 38 67 69 69 78 88 88 94 94 97 97 97 94 90 90 85 85 81 77 77 75 73 73 72 72 72 72 72 73 76 76 81 81 85 89 89 90 88 88 84 84 81 78 78 76 75 75 75 75 75 76 76 78 82 82 87 87 94 101 101 109 118 118 125 125 128 128 128 128 128 128 127 127 127 124 124 120 113 113 105 105 95 80 80 67 62 62 58 58 54 55 55 59 65 65
93 93 85 83 83 82 88 88 94 94 97 98 98 97 95 95 92 92 89 86 86 84 83 83 82 82 80 80 80 81 83 83 85 85 87 88 88 88 87 87 86 86 85 83 83 81 81 81 81 81 80 81 81 82 85 85 87 87 90 94 94 98 104 104 111 111 116 118 118 119 119 119 119 119 119 117 117 114 109 109 101 101 93 81 81 75 71 71 66 66 63 65 65 70 76 76
93 93 85 83 83 82 88 88 94 94 97 98 98 97 95 95 92 92 89 86 86 84 83 83 82 82 80 80 80 81 83 83 85 85 87 88 88 88 87 87 86 86 85 83 83 81 81 81 81 81 80 81 81 82 85 85 87 87 90 94 94 98 104 104 111 111 116 118 118 119 119 119 119 119 119 117 117 114 109 109 101 101 93 81 81 75 71 71 66 66 63 65 65 70 76 76
83 83 87 87 87 87 90 90 95 95 99 101 101 101 100 100 98 98 95 92 92 90 89 89 87 87 87 86 86 86 87 87 87 87 88 88 88 88 88 88 88 88 87 85 85 84 84 84 83 83 83 84 84 84 85 85 87 87 89 90 90 93 96 96 102 102 107 110 110 112 113 113 112 112 112 111 111 110 106 106 100 100 92 84 84 79 76 76 71 71 70 73 73 77 81 81
83 83 87 87 87 87 90 90 95 95 99 101 101 101 100 100 98 98 95 92 92 90 89 89 87 87 87 86 86 86 87 87 87 87 88 88 88 88 88 88 88 88 87 85 85 84 84 84 83 83 83 84 84 84 85 85 87 87 89 90 90 93 96 96 102 102 107 110 110 112 113 113 112 112 112 111 111 110 106 106 100 100 92 84 84 79 76 76 71 71 70 73 73 77 81 81
92 92 89 89 89 90 93 93 96 96 100 102 102 104 104 104 104 104 102 99 99 95 93 93 92 92 91 90 90 90 89 89 89 89 88 88 88 88 89 89 89 89 89 87 87 86 85 85 84 84 84 84 84 85 85 85 86 86 87 88 88 90 92 92 96 96 100 104 104 106 107 107 107 107 107 106 106 106 103 103 98 98 91 85 85 82 79 79 75 75 75 78 78 82 85 85
89 89 91 91 91 92 95 95 98 98 101 104 104 105 107 107 107 107 107 105 105 101 98 98 96 96 95 94 94 92 91 91 90 90 89 88 88 88 90 90 91 91 90 89 89 87 86 86 85 85 84 84 84 85 86 86 86 86 87 87 87 88 90 90 92 92 95 98 98 101 103 103 103 103 103 103 103 103 101 101 96 96 91 86 86 84 82 82 79 79 80 82 82 85 87 87
89 89 91 91 91 92 95 95 98 98 101 104 104 105 107 107 107 107 107 105 105 101 98 98 96 96 95 94 94 92 91 91 90 90 89 88 88 88 90 90 91 91 90 89 89 87 86 86 85 85 84 84 84 85 86 86 86 86 87 87 87 88 90 90 92 92 95 98 98 101 103 103 103 103 103 103 103 103 101 101 96 96 91 86 86 84 82 82 79 79 80 82 82 85 87 87
90 90 92 92 92 94 96 96 99 99 102 104 104 106 108 108 110 110 110 109 109 107 103 103 100 100 98 97 97 95 93 93 91 91 89 88 88 88 90 90 91 91 90 89 89 87 86 86 85 85 85 85 85 85 86 86 87 87 87 87 87 87 88 88 89 89 91 93 93 96 99 99 101 101 101 101 101 101 99 99 95 95 91 88 88 87 85 85 83 83 84 85 85 87 89 89
90 90 92 93 93 94 96 96 99 99 102 105 105 107 109 109 111 111 112 113 113 111 108 108 105 105 102 100 100 97 95 95 92 92 90 88 88 88 90 90 92 92 91 89 89 88 87 87 86 86 86 86 86 87 87 87 88 88 87 87 87 87 87 87 87 87 88 89 89 92 95 95 98 98 99 99 99 98 97 97 95 95 91 89 89 88 86 86 85 85 86 88 88 89 90 90
90 90 92 93 93 94 96 96 99 99 102 105 105 107 109 109 111 111 112 113 113 111 108 108 105 105 102 100 100 97 95 95 92 92 90 88 88 88 90 90 92 92 91 89 89 88 87 87 86 86 86 86 86 87 87 87 88 88 87 87 87 87 87 87 87 87 88 89 89 92 95 95 98 98 99 99 99 98 97 97 95 95 91 89 89 88 86 86 85 85 86 88 88 89 90 90
89 89 92 92 92 94 96 96 98 98 101 105 105 108 109 109 111 111 113 115 115 114 112 112 109 109 106 103 103 100 97 97 94 94 91 88 88 88 90 90 92 92 92 90 90 88 87 87 87 87 87 87 87 88 89 89 89 89 88 87 87 86 86 86 86 86 86 87 87 89 92 92 95 95 96 95 95 95 96 96 95 95 91 88 88 88 87 87 87 87 88 89 89 90 90 90
89 89 92 92 92 94 96 96 98 98 101 105 105 108 109 109 111 111 113 115 115 114 112 112 109 109 106 103 103 100 97 97 94 94 91 88 88 88 90 90 92 92 92 90 90 88 87 87 87 87 87 87 87 88 89 89 89 89 88 87 87 86 86 86 86 86 86 87 87 89 92 92 95 95 96 95 95 95 96 96 95 95 91 88 88 88 87 87 87 87 88 89 89 90 90 90
92 92 91 92 92 94 96 96 98 98 100 104 104 107 109 109 110 110 112 115 115 116 114 114 112 112 110 106 106 103 100 100 96 96 92 89 89 88 89 89 92 92 93 91 91 89 88 88 88 88 89 90 90 90 90 90 90 90 89 88 88 87 85 85 85 85 85 85 85 87 88 88 90 90 91 92 92 93 94 94 94 94 90 87 87 87 86 86 88 88 90 91 91 91 91 91
87 87 92 93 93 95 96 96 98 98 100 103 103 106 108 108 109 109 110 113 113 117 116 116 114 114 112 110 110 107 103 103 98 98 94 91 91 89 88 88 90 90 93 92 92 90 89 89 90 90 92 93 93 93 93 93 92 92 91 89 89 87 85 85 84 84 83 84 84 85 85 85 86 86 87 89 89 91 91 91 91 91 89 86 86 85 86 86 88 88 90 91 91 92 92 92
87 87 92 93 93 95 96 96 98 98 100 103 103 106 108 108 109 109 110 113 113 117 116 116 114 114 112 110 110 107 103 103 98 98 94 91 91 89 88 88 90 90 93 92 92 90 89 89 90 90 92 93 93 93 93 93 92 92 91 89 89 87 85 85 84 84 83 84 84 85 85 85 86 86 87 89 89 91 91 91 91 91 89 86 86 85 86 86 88 88 90 91 91 92 92 92
107 107 97 97 97 98 98 98 98 98 99 101 101 103 105 105 107 107 108 111 111 115 117 117 116 116 114 112 112 110 106 106 102 102 98 94 94 90 88 88 88 88 90 92 92 91 92 92 93 93 94 95 95 95 96 96 95 95 94 91 91 89 86 86 83 83 82 82 82 82 82 82 82 82 84 86 86 87 87 87 87 87 86 83 83 84 86 86 89 89 91 92 92 93 93 93
154 154 105 104 104 102 100 100 99 99 98 99 99 100 102 102 104 104 106 108 108 112 115 115 116 116 115 114 114 113 110 110 106 106 102 97 97 93 89 89 87 87 88 91 91 93 94 94 96 96 96 97 97 98 98 98 97 97 96 93 93 90 86 86 84 84 82 81 81 80 79 79 80 80 82 83 83 83 83 83 82 82 80 80 80 83 86 86 89 89 92 93 93 93 93 93
154 154 105 104 104 102 100 100 99 99 98 99 99 100 102 102 104 104 106 108 108 112 115 115 116 116 115 114 114 113 110 110 106 106 102 97 97 93 89 89 87 87 88 91 91 93 94 94 96 96 96 97 97 98 98 98 97 97 96 93 93 90 86 86 84 84 82 81 81 80 79 79 80 80 82 83 83 83 83 83 82 82 80 80 80 83 86 86 89 89 92 93 93 93 93 93
160 160 123 111 111 105 101 101 98 98 96 96 96 96 98 98 101 101 103 105 105 107 110 110 114 114 117 117 117 116 113 113 110 110 105 101 101 96 91 91 88 88 88 92 92 95 97 97 98 98 99 99 99 100 100 100 99 99 97 94 94 91 88 88 85 85 82 80 80 78 78 78 78 78 79 79 79 80 80 80 78 78 74 77 77 84 87 87 90 90 93 94 94 94 93 93
160 160 123 111 111 105 101 101 98 98 96 96 96 96 98 98 101 101 103 105 105 107 110 110 114 114 117 117 117 116 113 113 110 110 105 101 101 96 91 91 88 88 88 92 92 95 97 97 98 98 99 99 99 100 100 100 99 99 97 94 94 91 88 88 85 85 82 80 80 78 78 78 78 78 79 79 79 80 80 80 78 78 74 77 77 84 87 87 90 90 93 94 94 94 93 93
119 119 119 113 113 105 101 101 97 97 94 92 92 93 95 95 97 97 99 100 100 102 106 106 111 111 116 119 119 119 117 117 113 113 109 104 104 99 94 94 90 90 90 93 93 97 98 98 100 100 101 102 102 102 101 101 100 100 98 95 95 92 89 89 86 86 83 80 80 77 76 76 76 76 76 77 77 77 77 77 74 74 70 77 77 83 87 87 91 91 93 93 93 94 93 93
94 94 98 104 104 102 97 97 93 93 90 89 89 90 92 92 93 93 95 97 97 100 104 104 108 108 113 118 118 121 120 120 116 116 112 107 107 102 97 97 94 94 93 95 95 98 100 100 102 102 103 104 104 103 102 102 101 101 99 96 96 94 91 91 87 87 84 80 80 78 75 75 74 74 73 74 74 75 75 75 71 71 69 77 77 83 87 87 90 90 92 93 93 94 93 93
94 94 98 104 104 102 97 97 93 93 90 89 89 90 92 92 93 93 95 97 97 100 104 104 108 108 113 118 118 121 120 120 116 116 112 107 107 102 97 97 94 94 93 95 95 98 100 100 102 102 103 104 104 103 102 102 101 101 99 96 96 94 91 91 87 87 84 80 80 78 75 75 74 74 73 74 74 75 75 75 71 71 69 77 77 83 87 87 90 90 92 93 93 94 93 93
92 92 94 96 96 95 92 92 89 89 87 86 86 87 90 90 92 92 94 97 97 99 102 102 105 105 109 114 114 120 122 122 120 120 116 111 111 106 102 102 98 98 96 97 97 100 103 103 104 104 104 104 104 104 103 103 101 101 99 97 97 94 91 91 88 88 85 82 82 79 76 76 73 73 72 72 72 73 72 72 70 70 69 77 77 83 87 87 90 90 92 93 93 93 93 93
90 90 91 91 91 89 87 87 85 85 84 84 84 87 90 90 92 92 95 97 97 98 100 100 103 103 107 111 111 116 122 122 123 123 121 116 116 112 107 107 102 102 99 100 100 103 105 105 106 106 106 105 105 104 103 103 102 102 100 97 97 94 91 91 88 88 85 83 83 80 77 77 74 74 72 71 71 71 71 71 69 69 69 76 76 82 86 86 89 89 91 92 92 93 93 93
90 90 91 91 91 89 87 87 85 85 84 84 84 87 90 90 92 92 95 97 97 98 100 100 103 103 107 111 111 116 122 122 123 123 121 116 116 112 107 107 102 102 99 100 100 103 105 105 106 106 106 105 105 104 103 103 102 102 100 97 97 94 91 91 88 88 85 83 83 80 77 77 74 74 72 71 71 71 71 71 69 69 69 76 76 82 86 86 89 89 91 92 92 93 93 93
90 90 89 87 87 84 83 83 82 82 82 84 84 87 90 90 93 93 95 96 96 97 99 99 102 102 105 109 109 113 118 118 123 123 125 121 121 117 111 111 105 105 103 103 103 104 106 106 106 106 106 105 105 104 103 103 102 102 99 97 97 94 91 91 89 89 87 84 84 81 78 78 75 75 72 71 71 71 72 72 69 69 69 75 75 81 85 85 89 89 91 92 92 93 93 93
90 90 89 87 87 84 83 83 82 82 82 84 84 87 90 90 93 93 95 96 96 97 99 99 102 102 105 109 109 113 118 118 123 123 125 121 121 117 111 111 105 105 103 103 103 104 106 106 106 106 106 105 105 104 103 103 102 102 99 97 97 94 91 91 89 89 87 84 84 81 78 78 75 75 72 71 71 71 72 72 69 69 69 75 75 81 85 85 89 89 91 92 92 93 93 93
89 89 88 85 85 83 82 82 82 82 83 85 85 87 90 90 93 93 95 96 96 97 99 99 102 102 104 107 107 112 116 116 120 120 125 126 126 122 117 117 110 110 107 106 106 105 106 106 107 107 106 105 105 104 103 103 101 101 99 96 96 94 92 92 90 90 88 85 85 82 79 79 75 75 73 72 72 72 72 72 69 69 69 75 75 80 85 85 89 89 91 92 92 93 93 93
89 89 87 85 85 84 83 83 83 83 84 85 85 87 90 90 93 93 95 96 96 97 99 99 102 102 104 106 106 110 114 114 118 118 122 126 126 128 124 124 115 115 110 108 108 106 106 106 106 106 106 105 105 104 102 102 100 100 99 97 97 95 94 94 92 92 89 86 86 83 79 79 76 76 74 73 73 72 72 72 70 70 69 74 74 80 85 85 88 88 90 92 92 93 93 93
89 89 87 85 85 84 83 83 83 83 84 85 85 87 90 90 93 93 95 96 96 97 99 99 102 102 104 106 106 110 114 114 118 118 122 126 126 128 124 124 115 115 110 108 108 106 106 106 106 106 106 105 105 104 102 102 100 100 99 97 97 95 94 94 92 92 89 86 86 83 79 79 76 76 74 73 73 72 72 72 70 70 69 74 74 80 85 85 88 88 90 92 92 93 93 93
88 88 88 86 86 86 85 85 85 85 86 87 87 88 90 90 92 92 94 96 96 97 98 98 100 100 102 105 105 108 112 112 116 116 120 123 123 130 131 131 120 120 113 109 109 107 106 106 105 105 104 104 104 104 102 102 100 100 99 98 98 97 95 95 93 93 91 88 88 84 80 80 77 77 76 74 74 73 72 72 70 70 69 73 73 80 85 85 88 88 90 91 91 93 93 93
89 89 88 87 87 87 87 87 87 87 88 89 89 90 91 91 92 92 93 95 95 95 96 96 97 97 99 102 102 105 109 109 114 114 118 122 122 130 134 134 123 123 115 111 111 108 106 106 104 104 103 103 103 103 102 102 100 100 99 98 98 98 96 96 94 94 92 90 90 86 82 82 80 80 79 76 76 74 72 72 70 70 68 73 73 79 84 84 88 88 90 91 91 92 93 93
89 89 88 87 87 87 87 87 87 87 88 89 89 90 91 91 92 92 93 95 95 95 96 96 97 97 99 102 102 105 109 109 114 114 118 122 122 130 134 134 123 123 115 111 111 108 106 106 104 104 103 103 103 103 102 102 100 100 99 98 98 98 96 96 94 94 92 90 90 86 82 82 80 80 79 76 76 74 72 72 70 70 68 73 73 79 84 84 88 88 90 91 91 92 93 93
89 89 89 88 88 88 88 88 89 89 91 92 92 92 92 92 92 92 93 94 94 94 94 94 94 94 96 98 98 101 105 105 111 111 116 120 120 128 133 133 124 124 117 112 112 109 106 106 104 104 103 102 102 101 101 101 100 100 99 99 99 98 97 97 96 96 95 92 92 88 85 85 83 83 82 79 79 76 72 72 69 69 68 73 73 79 83 83 87 87 90 91 91 92 93 93
89 89 89 88 88 88 88 88 89 89 91 92 92 92 92 92 92 92 93 94 94 94 94 94 94 94 96 98 98 101 105 105 111 111 116 120 120 128 133 133 124 124 117 112 112 109 106 106 104 104 103 102 102 101 101 101 100 100 99 99 99 98 97 97 96 96 95 92 92 88 85 85 83 83 82 79 79 76 72 72 69 69 68 73 73 79 83 83 87 87 90 91 91 92 93 93
89 89 89 88 88 89 90 90 92 92 93 93 93 93 93 93 92 92 92 93 93 93 93 93 93 93 93 94 94 97 101 101 107 107 111 115 115 124 131 131 124 124 117 113 113 109 106 106 104 104 102 100 100 98 99 99 99 99 99 99 99 98 98 98 98 98 97 94 94 91 88 88 86 86 85 82 82 78 73 73 70 70 68 73 73 79 83 83 87 87 90 92 92 93 93 93
89 89 89 89 89 91 92 92 93 93 94 94 94 94 93 93 92 92 92 93 93 93 92 92 91 91 90 90 90 92 96 96 101 101 105 109 109 118 127 127 124 124 117 112 112 109 105 105 103 103 100 97 97 96 96 96 98 98 99 99 99 99 99 99 99 99 98 96 96 93 91 91 89 89 87 84 84 80 75 75 71 71 69 71 71 78 84 84 89 89 91 93 93 93 93 93
89 89 89 89 89 91 92 92 93 93 94 94 94 94 93 93 92 92 92 93 93 93 92 92 91 91 90 90 90 92 96 96 101 101 105 109 109 118 127 127 124 124 117 112 112 109 105 105 103 103 100 97 97 96 96 96 98 98 99 99 99 99 99 99 99 99 98 96 96 93 91 91 89 89 87 84 84 80 75 75 71 71 69 71 71 78 84 84 89 89 91 93 93 93 93 93
90 90 90 91 91 92 93 93 94 94 94 95 95 94 94 94 93 93 92 92 92 91 90 90 89 89 87 87 87 89 91 91 95 95 99 103 103 110 120 120 121 121 116 111 111 108 105 105 101 101 98 95 95 95 95 95 97 97 99 100 100 101 101 101 101 101 99 98 98 96 94 94 91 91 88 85 85 81 77 77 73 73 69 70 70 79 87 87 91 91 93 95 95 95 94 94
91 91 91 92 92 92 93 93 94 94 95 95 95 94 94 94 93 93 92 91 91 90 89 89 87 87 86 85 85 85 86 86 88 88 93 97 97 103 111 111 117 117 114 110 110 106 103 103 100 100 97 95 95 94 94 94 96 96 98 101 101 103 104 104 103 103 101 99 99 98 95 95 92 92 89 85 85 81 77 77 73 73 72 75 75 83 90 90 93 93 95 97 97 97 96 96
91 91 91 92 92 92 93 93 94 94 95 95 95 94 94 94 93 93 92 91 91 90 89 89 87 87 86 85 85 85 86 86 88 88 93 97 97 103 111 111 117 117 114 110 110 106 103 103 100 100 97 95 95 94 94 94 96 96 98 101 101 103 104 104 103 103 101 99 99 98 95 95 92 92 89 85 85 81 77 77 73 73 72 75 75 83 90 90 93 93 95 97 97 97 96 96
91 91 91 92 92 93 94 94 94 94 95 94 94 94 93 93 92 92 91 89 89 88 88 88 87 87 86 84 84 83 82 82 83 83 87 91 91 96 102 102 109 109 110 107 107 104 101 101 99 99 97 95 95 94 94 94 95 95 98 101 101 105 106 106 105 105 103 101 101 99 96 96 92 92 88 83 83 79 76 76 75 75 76 82 82 89 93 93 95 95 96 98 98 98 97 97
91 91 91 92 92 93 94 94 94 94 95 94 94 94 93 93 92 92 91 89 89 88 88 88 87 87 86 84 84 83 82 82 83 83 87 91 91 96 102 102 109 109 110 107 107 104 101 101 99 99 97 95 95 94 94 94 95 95 98 101 101 105 106 106 105 105 103 101 101 99 96 96 92 92 88 83 83 79 76 76 75 75 76 82 82 89 93 93 95 95 96 98 98 98 97 97
91 91 91 92 92 93 94 94 94 94 94 93 93 92 91 91 90 90 89 88 88 87 87 87 87 87 86 85 85 82 80 80 80 80 83 87 87 91 94 94 98 98 101 102 102 102 100 100 98 98 96 95 95 94 94 94 95 95 98 102 102 107 110 110 109 109 107 103 103 100 96 96 91 91 85 80 80 77 77 77 79 79 83 89 89 93 96 96 97 97 97 98 98 99 97 97
