src/images/mdt_135_10_20m_ang.asc
ncols	100
nrows	103
xllcorner	417958.405121
yllcorner	4513292.473900
cellsize	20.000000
NODATA_value	-9999.000000
[rows 0 to 41 of 103, columns 0 to 93 of 100]
49 49 74 91 91 129 137 137 141 141 143 144 144 145 144 144 143 143 142 141 141 140 141 141 141 141 141 141 141 142 142 142 143 143 145 148 148 151 152 152 151 151 149 148 148 147 146 146 145 145 145 145 145 145 144 144 145 145 147 149 149 152 155 155 156 156 157 156 156 155 155 155 155 155 155 155 155 154 152 152 150 150 148 145 145 135 127 127 124 124 120 116 116 114
49 49 74 91 91 129 137 137 141 141 143 144 144 145 144 144 143 143 142 141 141 140 141 141 141 141 141 141 141 142 142 142 143 143 145 148 148 151 152 152 151 151 149 148 148 147 146 146 145 145 145 145 145 145 144 144 145 145 147 149 149 152 155 155 156 156 157 156 156 155 155 155 155 155 155 155 155 154 152 152 150 150 148 145 145 135 127 127 124 124 120 116 116 114
49 49 74 91 91 129 137 137 141 141 143 144 144 145 144 144 143 143 142 141 141 140 141 141 141 141 141 141 141 142 142 142 143 143 145 148 148 151 152 152 151 151 149 148 148 147 146 146 145 145 145 145 145 145 144 144 145 145 147 149 149 152 155 155 156 156 157 156 156 155 155 155 155 155 155 155 155 154 152 152 150 150 148 145 145 135 127 127 124 124 120 116 116 114
49 49 74 91 91 129 137 137 141 141 143 144 144 145 144 144 143 143 142 141 141 140 141 141 141 141 141 141 141 142 142 142 143 143 145 148 148 151 152 152 151 151 149 148 148 147 146 146 145 145 145 145 145 145 144 144 145 145 147 149 149 152 155 155 156 156 157 156 156 155 155 155 155 155 155 155 155 154 152 152 150 150 148 145 145 135 127 127 124 124 120 116 116 114
133 133 91 100 100 121 132 132 137 137 140 142 142 143 144 144 143 143 142 141 141 140 140 140 140 140 140 140 140 140 140 140 140 140 142 145 145 148 150 150 150 150 148 146 146 146 145 145 144 144 143 143 143 143 142 142 142 142 143 146 146 148 152 152 155 155 155 155 155 154 154 154 154 154 155 155 155 154 153 153 150 150 150 149 149 141 132 132 128 128 125 121 121 119
158 158 108 108 108 114 123 123 130 130 135 138 138 140 142 142 142 142 142 141 141 140 139 139 139 139 139 139 139 138 137 137 136 136 137 139 139 143 147 147 147 147 145 144 144 144 142 142 141 141 140 140 140 139 138 138 137 137 137 138 138 141 145 145 149 149 151 151 151 151 152 152 152 152 153 154 154 154 153 153 152 152 154 156 156 149 140 140 137 137 134 129 129 126
158 158 108 108 108 114 123 123 130 130 135 138 138 140 142 142 142 142 142 141 141 140 139 139 139 139 139 139 139 138 137 137 136 136 137 139 139 143 147 147 147 147 145 144 144 144 142 142 141 141 140 140 140 139 138 138 137 137 137 138 138 141 145 145 149 149 151 151 151 151 152 152 152 152 153 154 154 154 153 153 152 152 154 156 156 149 140 140 137 137 134 129 129 126
153 153 112 112 112 115 120 120 127 127 131 135 135 138 140 140 141 141 141 141 141 140 139 139 139 139 139 138 138 137 136 136 134 134 134 136 136 140 144 144 145 145 144 144 144 143 142 142 141 141 140 139 139 137 135 135 133 133 132 132 132 135 139 139 143 143 146 147 147 148 149 149 151 151 152 153 153 153 154 154 154 154 157 159 159 152 146 146 143 143 139 134 134 130
153 153 112 112 112 115 120 120 127 127 131 135 135 138 140 140 141 141 141 141 141 140 139 139 139 139 139 138 138 137 136 136 134 134 134 136 136 140 144 144 145 145 144 144 144 143 142 142 141 141 140 139 139 137 135 135 133 133 132 132 132 135 139 139 143 143 146 147 147 148 149 149 151 151 152 153 153 153 154 154 154 154 157 159 159 152 146 146 143 143 139 134 134 130
154 154 116 115 115 117 121 121 126 126 131 134 134 137 138 138 139 139 140 141 141 140 140 140 139 139 139 138 138 137 136 136 134 134 133 134 134 139 143 143 144 144 144 144 144 143 142 142 141 141 140 138 138 136 133 133 131 131 129 129 129 131 134 134 139 139 142 143 143 145 146 146 148 148 150 151 151 152 154 154 155 155 159 161 161 154 149 149 147 147 143 137 137 133
155 155 119 118 118 119 122 122 126 126 131 134 134 136 138 138 138 138 139 140 140 140 139 139 139 139 139 138 138 137 136 136 133 133 132 133 133 137 142 142 143 143 143 143 143 143 142 142 140 140 139 137 137 135 133 133 130 130 128 128 128 129 132 132 136 136 138 140 140 142 143 143 145 145 147 149 149 152 154 154 157 157 161 162 162 155 152 152 150 150 145 139 139 134
155 155 119 118 118 119 122 122 126 126 131 134 134 136 138 138 138 138 139 140 140 140 139 139 139 139 139 138 138 137 136 136 133 133 132 133 133 137 142 142 143 143 143 143 143 143 142 142 140 140 139 137 137 135 133 133 130 130 128 128 128 129 132 132 136 136 138 140 140 142 143 143 145 145 147 149 149 152 154 154 157 157 161 162 162 155 152 152 150 150 145 139 139 134
155 155 120 119 119 120 122 122 126 126 131 134 134 136 137 137 138 138 139 139 139 139 139 139 138 138 138 138 138 137 135 135 133 133 132 132 132 135 140 140 143 143 143 143 143 143 141 141 140 140 139 137 137 135 133 133 130 130 128 127 127 128 131 131 134 134 137 138 138 140 142 142 144 144 146 148 148 151 155 155 158 158 162 162 162 157 154 154 152 152 146 140 140 135
154 154 120 120 120 121 123 123 126 126 131 134 134 136 137 137 137 137 139 139 139 139 139 139 138 138 138 138 138 137 135 135 133 133 131 131 131 133 138 138 142 142 143 144 144 143 142 142 141 141 139 138 138 136 133 133 131 131 129 127 127 128 130 130 133 133 136 138 138 140 142 142 144 144 146 148 148 152 155 155 159 159 164 163 163 158 155 155 152 152 147 140 140 134
154 154 120 120 120 121 123 123 126 126 131 134 134 136 137 137 137 137 139 139 139 139 139 139 138 138 138 138 138 137 135 135 133 133 131 131 131 133 138 138 142 142 143 144 144 143 142 142 141 141 139 138 138 136 133 133 131 131 129 127 127 128 130 130 133 133 136 138 138 140 142 142 144 144 146 148 148 152 155 155 159 159 164 163 163 158 155 155 152 152 147 140 140 134
157 157 120 120 120 121 123 123 127 127 130 134 134 136 137 137 137 137 138 139 139 139 138 138 138 138 137 137 137 137 136 136 133 133 132 131 131 132 136 136 141 141 144 144 144 144 143 143 141 141 140 138 138 136 134 134 132 132 130 128 128 129 131 131 134 134 136 138 138 140 142 142 145 145 147 149 149 152 156 156 161 161 165 164 164 160 157 157 153 153 147 140 140 135
157 157 120 120 120 121 123 123 127 127 130 134 134 136 137 137 137 137 138 139 139 139 138 138 138 138 137 137 137 137 136 136 133 133 132 131 131 132 136 136 141 141 144 144 144 144 143 143 141 141 140 138 138 136 134 134 132 132 130 128 128 129 131 131 134 134 136 138 138 140 142 142 145 145 147 149 149 152 156 156 161 161 165 164 164 160 157 157 153 153 147 140 140 135
157 157 119 119 119 121 123 123 127 127 131 134 134 136 137 137 137 137 137 138 138 138 137 137 137 137 137 137 137 137 136 136 134 134 132 132 132 132 135 135 140 140 144 146 146 145 143 143 141 141 140 138 138 137 135 135 133 133 132 131 131 131 132 132 135 135 137 138 138 140 143 143 146 146 148 150 150 153 157 157 162 162 166 165 165 161 159 159 154 154 148 141 141 136
157 157 118 119 119 122 125 125 128 128 132 135 135 137 137 137 136 136 136 136 136 137 137 137 136 136 137 136 136 136 136 136 134 134 133 132 132 132 135 135 140 140 145 147 147 146 143 143 141 141 140 138 138 137 136 136 134 134 133 133 133 133 135 135 137 137 139 140 140 141 143 143 147 147 149 151 151 154 158 158 164 164 167 166 166 163 160 160 154 154 148 142 142 137
157 157 118 119 119 122 125 125 128 128 132 135 135 137 137 137 136 136 136 136 136 137 137 137 136 136 137 136 136 136 136 136 134 134 133 132 132 132 135 135 140 140 145 147 147 146 143 143 141 141 140 138 138 137 136 136 134 134 133 133 133 133 135 135 137 137 139 140 140 141 143 143 147 147 149 151 151 154 158 158 164 164 167 166 166 163 160 160 154 154 148 142 142 137
157 157 117 119 119 123 127 127 130 130 134 136 136 138 138 138 137 137 135 135 135 135 136 136 136 136 136 135 135 135 135 135 134 134 134 133 133 133 134 134 139 139 145 148 148 146 143 143 141 141 140 138 138 137 135 135 134 134 134 134 134 135 136 136 138 138 140 140 140 141 144 144 147 147 150 152 152 155 160 160 165 165 168 167 167 164 160 160 154 154 148 142 142 137
176 176 118 122 122 128 130 130 132 132 135 137 137 139 139 139 137 137 135 134 134 134 134 134 134 134 134 134 134 135 135 135 134 134 134 133 133 133 134 134 138 138 145 148 148 146 143 143 140 140 139 138 138 136 135 135 134 134 134 134 134 135 137 137 139 139 140 141 141 142 144 144 147 147 150 152 152 156 161 161 166 166 170 169 169 164 159 159 154 154 148 142 142 137
176 176 118 122 122 128 130 130 132 132 135 137 137 139 139 139 137 137 135 134 134 134 134 134 134 134 134 134 134 135 135 135 134 134 134 133 133 133 134 134 138 138 145 148 148 146 143 143 140 140 139 138 138 136 135 135 134 134 134 134 134 135 137 137 139 139 140 141 141 142 144 144 147 147 150 152 152 156 161 161 166 166 170 169 169 164 159 159 154 154 148 142 142 137
192 192 148 131 131 132 133 133 135 135 137 138 138 139 138 138 137 137 135 133 133 132 131 131 131 131 132 133 133 134 135 135 134 134 134 134 134 133 134 134 138 138 144 148 148 146 142 142 140 140 139 137 137 136 135 135 135 135 134 135 135 136 138 138 140 140 141 142 142 143 144 144 147 147 150 153 153 157 161 161 167 167 172 170 170 164 159 159 154 154 147 142 142 138
192 192 148 131 131 132 133 133 135 135 137 138 138 139 138 138 137 137 135 133 133 132 131 131 131 131 132 133 133 134 135 135 134 134 134 134 134 133 134 134 138 138 144 148 148 146 142 142 140 140 139 137 137 136 135 135 135 135 134 135 135 136 138 138 140 140 141 142 142 143 144 144 147 147 150 153 153 157 161 161 167 167 172 170 170 164 159 159 154 154 147 142 142 138
169 169 156 140 140 135 135 135 136 136 136 137 137 137 136 136 135 135 133 131 131 130 129 129 130 130 131 132 132 134 135 135 135 135 134 134 134 134 135 135 137 137 142 146 146 145 142 142 140 140 138 136 136 135 134 134 134 134 135 135 135 137 138 138 140 140 142 143 143 143 144 144 146 146 149 152 152 156 161 161 168 168 172 169 169 163 159 159 153 153 146 142 142 138
132 132 137 140 140 137 135 135 135 135 134 134 134 133 133 133 132 132 130 130 130 129 129 129 130 130 130 132 132 134 134 134 135 135 134 135 135 135 136 136 137 137 141 144 144 143 140 140 139 139 137 135 135 134 134 134 134 134 134 135 135 137 138 138 140 140 142 143 143 143 144 144 146 146 148 151 151 155 161 161 168 168 172 168 168 163 158 158 152 152 146 141 141 137
132 132 137 140 140 137 135 135 135 135 134 134 134 133 133 133 132 132 130 130 130 129 129 129 130 130 130 132 132 134 134 134 135 135 134 135 135 135 136 136 137 137 141 144 144 143 140 140 139 139 137 135 135 134 134 134 134 134 134 135 135 137 138 138 140 140 142 143 143 143 144 144 146 146 148 151 151 155 161 161 168 168 172 168 168 163 158 158 152 152 146 141 141 137
126 126 129 133 133 134 133 133 132 132 130 129 129 128 128 128 129 129 129 129 129 129 129 129 129 129 130 131 131 133 135 135 135 135 136 136 136 137 138 138 139 139 141 143 143 141 139 139 138 138 136 134 134 133 133 133 133 133 134 136 136 137 139 139 140 140 142 142 142 143 144 144 145 145 148 151 151 155 160 160 168 168 171 167 167 162 157 157 151 151 146 141 141 137
121 121 124 128 128 129 128 128 127 127 125 123 123 124 125 125 127 127 129 129 129 128 128 128 128 128 130 131 131 133 135 135 136 136 138 139 139 139 140 140 141 141 142 141 141 140 138 138 137 137 135 133 133 133 133 133 133 133 134 136 136 137 139 139 141 141 142 142 142 143 144 144 145 145 147 150 150 154 160 160 167 167 170 167 167 162 157 157 151 151 145 141 141 137
121 121 124 128 128 129 128 128 127 127 125 123 123 124 125 125 127 127 129 129 129 128 128 128 128 128 130 131 131 133 135 135 136 136 138 139 139 139 140 140 141 141 142 141 141 140 138 138 137 137 135 133 133 133 133 133 133 133 134 136 136 137 139 139 141 141 142 142 142 143 144 144 145 145 147 150 150 154 160 160 167 167 170 167 167 162 157 157 151 151 145 141 141 137
119 119 120 122 122 123 122 122 122 122 121 121 121 122 124 124 126 126 128 128 128 127 127 127 128 128 130 132 132 134 136 136 137 137 139 140 140 141 142 142 143 143 141 140 140 138 137 137 135 135 133 132 132 132 132 132 133 133 134 136 136 138 140 140 141 141 142 142 142 143 144 144 145 145 146 148 148 152 158 158 166 166 170 166 166 162 156 156 150 150 144 140 140 137
119 119 120 122 122 123 122 122 122 122 121 121 121 122 124 124 126 126 128 128 128 127 127 127 128 128 130 132 132 134 136 136 137 137 139 140 140 141 142 142 143 143 141 140 140 138 137 137 135 135 133 132 132 132 132 132 133 133 134 136 136 138 140 140 141 141 142 142 142 143 144 144 145 145 146 148 148 152 158 158 166 166 170 166 166 162 156 156 150 150 144 140 140 137
120 120 120 120 120 121 123 123 124 124 125 124 124 124 125 125 127 127 128 128 128 127 127 127 129 129 131 132 132 135 137 137 139 139 141 141 141 142 145 145 144 144 141 139 139 137 135 135 133 133 132 131 131 130 131 131 132 132 133 136 136 138 140 140 142 142 143 143 143 143 145 145 146 146 146 146 146 150 156 156 164 164 169 166 166 161 156 156 149 149 144 140 140 136
125 125 125 125 125 127 129 129 130 130 130 129 129 129 129 129 130 130 132 132 132 130 130 130 130 130 132 133 133 136 138 138 141 141 142 142 142 145 147 147 144 144 141 138 138 135 133 133 131 131 130 129 129 129 130 130 131 131 133 136 136 138 140 140 142 142 143 143 143 144 146 146 148 148 146 145 145 147 154 154 162 162 168 165 165 161 155 155 149 149 144 139 139 136
125 125 125 125 125 127 129 129 130 130 130 129 129 129 129 129 130 130 132 132 132 130 130 130 130 130 132 133 133 136 138 138 141 141 142 142 142 145 147 147 144 144 141 138 138 135 133 133 131 131 130 129 129 129 130 130 131 131 133 136 136 138 140 140 142 142 143 143 143 144 146 146 148 148 146 145 145 147 154 154 162 162 168 165 165 161 155 155 149 149 144 139 139 136
129 129 130 131 131 132 133 133 134 134 134 133 133 133 133 133 134 134 136 136 136 134 133 133 133 133 133 134 134 136 138 138 141 141 142 144 144 148 150 150 145 145 141 138 138 134 132 132 130 130 128 128 128 128 129 129 131 131 133 136 136 137 139 139 141 141 142 143 143 144 147 147 148 148 147 145 145 146 152 152 161 161 167 165 165 160 154 154 149 149 143 139 139 136
132 132 133 133 133 134 135 135 135 135 135 135 135 135 135 135 137 137 139 139 139 138 136 136 135 135 135 135 135 137 139 139 141 141 142 144 144 149 152 152 146 146 140 137 137 134 131 131 129 129 127 127 127 128 129 129 131 131 133 135 135 137 139 139 141 141 142 142 142 144 147 147 148 148 147 145 145 146 151 151 159 159 166 165 165 159 154 154 148 148 143 139 139 136
132 132 133 133 133 134 135 135 135 135 135 135 135 135 135 135 137 137 139 139 139 138 136 136 135 135 135 135 135 137 139 139 141 141 142 144 144 149 152 152 146 146 140 137 137 134 131 131 129 129 127 127 127 128 129 129 131 131 133 135 135 137 139 139 141 141 142 142 142 144 147 147 148 148 147 145 145 146 151 151 159 159 166 165 165 159 154 154 148 148 143 139 139 136
133 133 133 134 134 135 136 136 137 137 137 137 137 137 137 137 138 138 140 140 140 140 138 138 138 138 138 138 138 138 140 140 142 142 143 144 144 149 152 152 146 146 140 136 136 133 130 130 128 128 126 125 125 126 128 128 130 130 132 133 133 135 137 137 139 139 140 142 142 144 146 146 147 147 145 145 145 145 149 149 156 156 163 162 162 157 152 152 146 146 141 137 137 134
133 133 133 134 134 135 136 136 137 137 137 137 137 137 137 137 138 138 140 140 140 140 138 138 138 138 138 138 138 138 140 140 142 142 143 144 144 149 152 152 146 146 140 136 136 133 130 130 128 128 126 125 125 126 128 128 130 130 132 133 133 135 137 137 139 139 140 142 142 144 146 146 147 147 145 145 145 145 149 149 156 156 163 162 162 157 152 152 146 146 141 137 137 134
133 133 133 134 134 136 138 138 138 138 138 139 139 139 139 139 140 140 140 141 141 141 140 140 139 139 139 139 139 139 140 140 142 142 143 144 144 148 149 149 144 144 139 135 135 131 128 128 126 126 124 123 123 123 125 125 127 127 129 130 130 133 135 135 136 136 138 140 140 143 144 144 144 144 143 142 142 144 147 147 153 153 160 160 160 154 148 148 142 142 138 135 135 132
