src/images/mdt_200_10_20m_ang.asc
ncols	100
nrows	103
xllcorner	417958.405121
yllcorner	4513292.473900
cellsize	20.000000
NODATA_value	-9999.000000
[rows 0 to 41 of 103, columns 0 to 93 of 100]
187 187 203 201 201 199 199 199 197 197 196 195 195 194 193 193 192 192 191 190 190 190 190 190 190 190 190 191 191 191 191 191 192 192 192 192 192 192 191 191 190 190 190 190 190 190 190 190 190 190 191 191 191 192 193 193 195 195 197 199 199 201 201 201 202 202 202 202 202 201 201 201 200 200 199 198 198 197 196 196 196 196 194 192 192 192 192 192 192 192 192 193 193 195
187 187 203 201 201 199 199 199 197 197 196 195 195 194 193 193 192 192 191 190 190 190 190 190 190 190 190 191 191 191 191 191 192 192 192 192 192 192 191 191 190 190 190 190 190 190 190 190 190 190 191 191 191 192 193 193 195 195 197 199 199 201 201 201 202 202 202 202 202 201 201 201 200 200 199 198 198 197 196 196 196 196 194 192 192 192 192 192 192 192 192 193 193 195
187 187 203 201 201 199 199 199 197 197 196 195 195 194 193 193 192 192 191 190 190 190 190 190 190 190 190 191 191 191 191 191 192 192 192 192 192 192 191 191 190 190 190 190 190 190 190 190 190 190 191 191 191 192 193 193 195 195 197 199 199 201 201 201 202 202 202 202 202 201 201 201 200 200 199 198 198 197 196 196 196 196 194 192 192 192 192 192 192 192 192 193 193 195
187 187 203 201 201 199 199 199 197 197 196 195 195 194 193 193 192 192 191 190 190 190 190 190 190 190 190 191 191 191 191 191 192 192 192 192 192 192 191 191 190 190 190 190 190 190 190 190 190 190 191 191 191 192 193 193 195 195 197 199 199 201 201 201 202 202 202 202 202 201 201 201 200 200 199 198 198 197 196 196 196 196 194 192 192 192 192 192 192 192 192 193 193 195
186 186 209 207 207 203 201 201 198 198 196 194 194 193 192 192 191 191 190 190 190 189 190 190 190 190 191 191 191 192 192 192 193 193 193 193 193 192 191 191 190 190 190 190 190 190 190 190 191 191 192 193 193 194 196 196 198 198 200 202 202 203 203 203 202 202 202 201 201 200 200 200 199 199 198 197 197 196 195 195 195 195 193 191 191 191 192 192 192 192 193 194 194 196
186 186 218 216 216 210 205 205 200 200 196 193 193 191 190 190 189 189 189 189 189 189 190 190 191 191 192 192 192 193 194 194 195 195 196 195 195 193 191 191 191 191 191 191 191 192 192 192 193 193 195 196 196 198 201 201 203 203 206 208 208 208 206 206 204 204 201 200 200 199 198 198 197 197 196 195 195 194 193 193 193 193 191 189 189 190 191 191 193 193 195 197 197 200
186 186 218 216 216 210 205 205 200 200 196 193 193 191 190 190 189 189 189 189 189 189 190 190 191 191 192 192 192 193 194 194 195 195 196 195 195 193 191 191 191 191 191 191 191 192 192 192 193 193 195 196 196 198 201 201 203 203 206 208 208 208 206 206 204 204 201 200 200 199 198 198 197 197 196 195 195 194 193 193 193 193 191 189 189 190 191 191 193 193 195 197 197 200
191 191 220 219 219 214 208 208 201 201 195 191 191 188 187 187 187 187 187 188 188 189 190 190 191 191 192 193 193 194 196 196 197 197 197 196 196 193 191 191 191 191 192 192 192 193 194 194 195 195 197 199 199 201 204 204 207 207 210 211 211 211 209 209 205 205 201 199 199 198 197 197 196 196 195 194 194 192 191 191 191 191 190 189 189 190 192 192 194 194 197 199 199 202
191 191 220 219 219 214 208 208 201 201 195 191 191 188 187 187 187 187 187 188 188 189 190 190 191 191 192 193 193 194 196 196 197 197 197 196 196 193 191 191 191 191 192 192 192 193 194 194 195 195 197 199 199 201 204 204 207 207 210 211 211 211 209 209 205 205 201 199 199 198 197 197 196 196 195 194 194 192 191 191 191 191 190 189 189 190 192 192 194 194 197 199 199 202
190 190 223 221 221 216 209 209 201 201 195 190 190 186 184 184 184 184 184 186 186 188 189 189 190 190 191 192 192 194 196 196 198 198 198 197 197 194 191 191 191 191 191 192 192 194 195 195 197 197 199 201 201 203 207 207 210 210 212 212 212 212 209 209 206 206 202 200 200 198 197 197 196 196 195 193 193 190 189 189 190 190 189 189 189 190 193 193 195 195 197 200 200 203
187 187 225 223 223 217 210 210 202 202 195 190 190 186 183 183 181 181 181 182 182 185 188 188 190 190 190 191 191 193 196 196 198 198 199 198 198 195 191 191 191 191 192 193 193 195 197 197 199 199 201 203 203 205 208 208 211 211 213 213 213 212 210 210 207 207 203 200 200 198 196 196 195 195 193 191 191 189 189 189 189 189 189 188 188 190 193 193 194 194 197 201 201 204
187 187 225 223 223 217 210 210 202 202 195 190 190 186 183 183 181 181 181 182 182 185 188 188 190 190 190 191 191 193 196 196 198 198 199 198 198 195 191 191 191 191 192 193 193 195 197 197 199 199 201 203 203 205 208 208 211 211 213 213 213 212 210 210 207 207 203 200 200 198 196 196 195 195 193 191 191 189 189 189 189 189 189 188 188 190 193 193 194 194 197 201 201 204
189 189 227 225 225 219 212 212 204 204 196 191 191 186 182 182 180 180 179 179 179 182 185 185 187 187 189 190 190 192 195 195 198 198 200 199 199 196 192 192 191 191 192 194 194 196 198 198 200 200 202 204 204 206 208 208 210 210 212 212 212 211 210 210 207 207 204 201 201 198 195 195 193 193 191 190 190 189 188 188 188 188 188 188 188 190 192 192 194 194 197 201 201 205
189 189 228 226 226 219 213 213 206 206 197 191 191 186 183 183 180 180 178 177 177 178 181 181 184 184 187 189 189 192 195 195 198 198 200 201 201 198 194 194 191 191 192 194 194 196 199 199 201 201 203 204 204 206 208 208 209 209 211 212 212 211 209 209 206 206 204 202 202 198 194 194 191 191 190 189 189 188 187 187 187 187 187 188 188 190 192 192 194 194 197 202 202 207
189 189 228 226 226 219 213 213 206 206 197 191 191 186 183 183 180 180 178 177 177 178 181 181 184 184 187 189 189 192 195 195 198 198 200 201 201 198 194 194 191 191 192 194 194 196 199 199 201 201 203 204 204 206 208 208 209 209 211 212 212 211 209 209 206 206 204 202 202 198 194 194 191 191 190 189 189 188 187 187 187 187 187 188 188 190 192 192 194 194 197 202 202 207
188 188 228 226 226 220 215 215 207 207 199 192 192 186 183 183 180 180 177 175 175 176 178 178 180 180 184 187 187 190 193 193 197 197 200 201 201 200 196 196 191 191 192 194 194 197 199 199 201 201 202 204 204 205 207 207 208 208 210 211 211 210 208 208 205 205 203 202 202 199 195 195 191 191 190 189 189 188 186 186 185 185 186 188 188 190 193 193 195 195 198 203 203 207
188 188 228 226 226 220 215 215 207 207 199 192 192 186 183 183 180 180 177 175 175 176 178 178 180 180 184 187 187 190 193 193 197 197 200 201 201 200 196 196 191 191 192 194 194 197 199 199 201 201 202 204 204 205 207 207 208 208 210 211 211 210 208 208 205 205 203 202 202 199 195 195 191 191 190 189 189 188 186 186 185 185 186 188 188 190 193 193 195 195 198 203 203 207
188 188 229 227 227 222 216 216 208 208 200 193 193 187 184 184 181 181 178 174 174 173 175 175 177 177 180 184 184 187 191 191 196 196 199 201 201 201 198 198 192 192 191 193 193 197 199 199 201 201 202 203 203 204 205 205 206 206 207 208 208 208 206 206 204 204 202 201 201 199 196 196 193 193 191 189 189 187 186 186 185 185 185 188 188 191 193 193 195 195 198 203 203 208
189 189 232 230 230 223 215 215 208 208 201 195 195 189 185 185 183 183 180 176 176 172 172 172 175 175 177 180 180 184 189 189 194 194 198 200 200 201 199 199 194 194 191 193 193 196 199 199 201 201 201 201 201 202 203 203 204 204 204 205 205 206 205 205 203 203 202 201 201 200 197 197 195 195 192 190 190 188 187 187 185 185 185 188 188 192 194 194 196 196 199 203 203 208
189 189 232 230 230 223 215 215 208 208 201 195 195 189 185 185 183 183 180 176 176 172 172 172 175 175 177 180 180 184 189 189 194 194 198 200 200 201 199 199 194 194 191 193 193 196 199 199 201 201 201 201 201 202 203 203 204 204 204 205 205 206 205 205 203 203 202 201 201 200 197 197 195 195 192 190 190 188 187 187 185 185 185 188 188 192 194 194 196 196 199 203 203 208
192 192 241 234 234 221 213 213 207 207 201 196 196 192 188 188 186 186 183 179 179 173 170 170 172 172 174 177 177 181 185 185 190 190 195 198 198 201 200 200 197 197 193 193 193 196 199 199 200 200 200 200 200 200 201 201 201 201 202 203 203 204 204 204 204 204 203 202 202 201 199 199 196 196 193 191 191 189 188 188 186 186 186 188 188 192 194 194 196 196 200 204 204 208
201 201 240 228 228 216 210 210 206 206 201 198 198 195 192 192 189 189 186 182 182 177 172 172 169 169 171 173 173 177 181 181 186 186 191 196 196 199 201 201 199 199 196 194 194 196 197 197 198 198 199 199 199 199 198 198 199 199 199 201 201 202 204 204 204 204 203 203 203 203 201 201 198 198 195 193 193 191 190 190 188 188 187 189 189 193 195 195 197 197 200 204 204 208
201 201 240 228 228 216 210 210 206 206 201 198 198 195 192 192 189 189 186 182 182 177 172 172 169 169 171 173 173 177 181 181 186 186 191 196 196 199 201 201 199 199 196 194 194 196 197 197 198 198 199 199 199 199 198 198 199 199 199 201 201 202 204 204 204 204 203 203 203 203 201 201 198 198 195 193 193 191 190 190 188 188 187 189 189 193 195 195 197 197 200 204 204 208
216 216 210 209 209 210 207 207 205 205 202 200 200 198 195 195 192 192 189 187 187 183 178 178 170 170 166 168 168 172 176 176 181 181 187 192 192 197 201 201 201 201 198 195 195 195 196 196 197 197 197 197 197 196 196 196 196 196 197 199 199 201 202 202 203 203 204 204 204 204 203 203 200 200 197 195 195 193 191 191 189 189 188 190 190 193 195 195 197 197 200 205 205 209
216 216 210 209 209 210 207 207 205 205 202 200 200 198 195 195 192 192 189 187 187 183 178 178 170 170 166 168 168 172 176 176 181 181 187 192 192 197 201 201 201 201 198 195 195 195 196 196 197 197 197 197 197 196 196 196 196 196 197 199 199 201 202 202 203 203 204 204 204 204 203 203 200 200 197 195 195 193 191 191 189 189 188 190 190 193 195 195 197 197 200 205 205 209
215 215 210 204 204 206 206 206 206 206 205 204 204 201 199 199 196 196 194 192 192 189 183 183 175 175 166 163 163 166 171 171 177 177 183 189 189 194 199 199 200 200 198 195 195 194 195 195 196 196 195 194 194 194 194 194 194 194 196 197 197 199 201 201 202 202 204 205 205 206 205 205 203 203 200 198 198 195 193 193 191 191 190 191 191 193 195 195 198 198 201 206 206 210
213 213 211 208 208 207 208 208 208 208 208 208 208 205 203 203 200 200 198 195 195 191 185 185 180 180 172 164 164 161 165 165 171 171 178 185 185 191 196 196 198 198 198 196 196 195 195 195 194 194 193 192 192 192 192 192 193 193 194 196 196 198 200 200 202 202 204 206 206 207 208 208 206 206 203 200 200 197 194 194 192 192 190 191 191 193 196 196 199 199 203 207 207 212
213 213 211 208 208 207 208 208 208 208 208 208 208 205 203 203 200 200 198 195 195 191 185 185 180 180 172 164 164 161 165 165 171 171 178 185 185 191 196 196 198 198 198 196 196 195 195 195 194 194 193 192 192 192 192 192 193 193 194 196 196 198 200 200 202 202 204 206 206 207 208 208 206 206 203 200 200 197 194 194 192 192 190 191 191 193 196 196 199 199 203 207 207 212
212 212 211 210 210 210 211 211 212 212 212 211 211 210 207 207 203 203 199 195 195 191 188 188 183 183 178 170 170 162 160 160 165 165 173 180 180 187 192 192 195 195 197 196 196 194 193 193 192 192 192 191 191 191 191 191 192 192 193 195 195 197 199 199 202 202 204 207 207 208 209 209 208 208 206 203 203 199 196 196 192 192 191 192 192 194 196 196 200 200 204 208 208 213
212 212 213 214 214 215 216 216 216 216 216 215 215 212 208 208 202 202 198 195 195 192 190 190 186 186 181 176 176 169 162 162 160 160 167 175 175 181 187 187 192 192 195 195 195 193 191 191 190 190 190 190 190 190 190 190 191 191 192 194 194 197 199 199 202 202 204 206 206 208 209 209 210 210 208 206 206 202 198 198 193 193 191 193 193 195 197 197 201 201 205 210 210 214
212 212 213 214 214 215 216 216 216 216 216 215 215 212 208 208 202 202 198 195 195 192 190 190 186 186 181 176 176 169 162 162 160 160 167 175 175 181 187 187 192 192 195 195 195 193 191 191 190 190 190 190 190 190 190 190 191 191 192 194 194 197 199 199 202 202 204 206 206 208 209 209 210 210 208 206 206 202 198 198 193 193 191 193 193 195 197 197 201 201 205 210 210 214
216 216 217 219 219 220 220 220 219 219 217 215 215 212 207 207 202 202 197 195 195 193 190 190 187 187 183 179 179 174 168 168 162 162 162 169 169 176 183 183 190 190 192 192 192 191 190 190 189 189 188 189 189 189 189 189 190 190 192 194 194 197 199 199 201 201 203 206 206 207 209 209 211 211 211 209 209 205 199 199 194 194 192 194 194 197 199 199 203 203 207 211 211 215
216 216 217 219 219 220 220 220 219 219 217 215 215 212 207 207 202 202 197 195 195 193 190 190 187 187 183 179 179 174 168 168 162 162 162 169 169 176 183 183 190 190 192 192 192 191 190 190 189 189 188 189 189 189 189 189 190 190 192 194 194 197 199 199 201 201 203 206 206 207 209 209 211 211 211 209 209 205 199 199 194 194 192 194 194 197 199 199 203 203 207 211 211 215
222 222 223 222 222 220 218 218 215 215 213 211 211 209 205 205 200 200 196 194 194 192 189 189 187 187 184 181 181 177 173 173 168 168 164 164 164 170 179 179 186 186 189 190 190 190 189 189 188 188 187 188 188 188 189 189 190 190 192 194 194 197 199 199 200 200 202 205 205 207 209 209 211 211 212 211 211 207 202 202 196 196 193 195 195 198 200 200 204 204 208 212 212 216
224 224 223 218 218 215 212 212 209 209 207 205 205 204 202 202 198 198 194 192 192 191 189 189 187 187 185 182 182 179 176 176 173 173 169 166 166 167 174 174 182 182 186 188 188 190 189 189 188 188 188 187 187 188 189 189 190 190 192 194 194 196 197 197 199 199 202 204 204 206 208 208 210 210 212 212 212 209 204 204 197 197 194 195 195 198 201 201 204 204 209 213 213 217
224 224 223 218 218 215 212 212 209 209 207 205 205 204 202 202 198 198 194 192 192 191 189 189 187 187 185 182 182 179 176 176 173 173 169 166 166 167 174 174 182 182 186 188 188 190 189 189 188 188 188 187 187 188 189 189 190 190 192 194 194 196 197 197 199 199 202 204 204 206 208 208 210 210 212 212 212 209 204 204 197 197 194 195 195 198 201 201 204 204 209 213 213 217
224 224 221 214 214 210 207 207 205 205 203 202 202 200 199 199 196 196 193 191 191 190 190 190 189 189 186 184 184 181 178 178 175 175 173 170 170 168 170 170 178 178 183 186 186 188 189 189 189 189 189 188 188 187 189 189 190 190 192 193 193 195 196 196 198 198 201 204 204 206 207 207 209 209 212 213 213 211 205 205 198 198 194 195 195 199 201 201 205 205 210 214 214 218
222 222 218 212 212 207 204 204 202 202 200 199 199 198 197 197 196 196 193 192 192 191 192 192 191 191 189 186 186 184 181 181 177 177 174 172 172 170 170 170 175 175 180 184 184 187 189 189 190 190 190 189 189 187 188 188 190 190 192 193 193 194 196 196 198 198 200 202 202 204 206 206 208 208 210 212 212 211 207 207 200 200 195 196 196 199 202 202 206 206 211 214 214 219
222 222 218 212 212 207 204 204 202 202 200 199 199 198 197 197 196 196 193 192 192 191 192 192 191 191 189 186 186 184 181 181 177 177 174 172 172 170 170 170 175 175 180 184 184 187 189 189 190 190 190 189 189 187 188 188 190 190 192 193 193 194 196 196 198 198 200 202 202 204 206 206 208 208 210 212 212 211 207 207 200 200 195 196 196 199 202 202 206 206 211 214 214 219
218 218 215 210 210 205 202 202 199 199 198 197 197 196 196 196 196 196 194 193 193 192 193 193 193 193 192 190 190 188 184 184 180 180 177 174 174 172 170 170 173 173 178 182 182 186 188 188 190 190 191 191 191 189 189 189 190 190 192 193 193 194 196 196 197 197 199 201 201 203 204 204 206 206 209 211 211 211 210 210 204 204 197 197 197 200 204 204 208 208 212 216 216 220
218 218 215 210 210 205 202 202 199 199 198 197 197 196 196 196 196 196 194 193 193 192 193 193 193 193 192 190 190 188 184 184 180 180 177 174 174 172 170 170 173 173 178 182 182 186 188 188 190 190 191 191 191 189 189 189 190 190 192 193 193 194 196 196 197 197 199 201 201 203 204 204 206 206 209 211 211 211 210 210 204 204 197 197 197 200 204 204 208 208 212 216 216 220
215 215 212 207 207 203 199 199 197 197 196 195 195 195 196 196 196 196 195 194 194 194 194 194 195 195 195 194 194 192 188 188 184 184 181 178 178 174 170 170 172 172 176 180 180 185 188 188 191 191 193 194 194 193 192 192 191 191 192 194 194 195 195 195 196 196 197 199 199 201 204 204 206 206 208 211 211 212 212 212 209 209 202 199 199 203 207 207 211 211 214 218 218 222
