src/images/mdt_135_10_20m_ang.asc
ncols	100
nrows	103
xllcorner	417958.405121
yllcorner	4513292.473900
cellsize	20.000000
NODATA_value	-9999.000000
[rows 42 to 83 of 103, columns 0 to 93 of 100]
131 131 132 135 135 137 138 138 139 139 139 140 140 140 140 140 141 141 141 142 142 142 141 141 140 140 139 139 139 139 140 140 141 141 142 142 142 145 146 146 142 142 137 133 133 129 126 126 123 123 120 118 118 119 120 120 123 123 125 127 127 130 132 132 134 134 135 138 138 141 142 142 141 141 139 139 139 140 143 143 149 149 156 157 157 150 142 142 137 137 135 132 132 131
131 131 132 135 135 137 138 138 139 139 139 140 140 140 140 140 141 141 141 142 142 142 141 141 140 140 139 139 139 139 140 140 141 141 142 142 142 145 146 146 142 142 137 133 133 129 126 126 123 123 120 118 118 119 120 120 123 123 125 127 127 130 132 132 134 134 135 138 138 141 142 142 141 141 139 139 139 140 143 143 149 149 156 157 157 150 142 142 137 137 135 132 132 131
130 130 131 134 134 136 138 138 139 139 139 140 140 140 140 140 141 141 141 142 142 143 142 142 140 140 139 138 138 137 138 138 140 140 141 140 140 141 142 142 139 139 134 130 130 126 122 122 119 119 116 114 114 115 117 117 119 119 122 125 125 128 130 130 132 132 135 138 138 140 140 140 139 139 138 137 137 138 140 140 143 143 149 151 151 144 137 137 134 134 132 130 130 129
127 127 129 132 132 134 136 136 137 137 138 139 139 139 139 139 140 140 140 140 140 141 140 140 139 139 138 137 137 136 136 136 137 137 138 137 137 136 137 137 135 135 131 126 126 122 118 118 115 115 113 112 112 112 114 114 117 117 120 124 124 127 130 130 133 133 136 139 139 140 140 140 139 139 137 136 136 136 136 136 137 137 139 141 141 139 136 136 134 134 131 129 129 129
127 127 129 132 132 134 136 136 137 137 138 139 139 139 139 139 140 140 140 140 140 141 140 140 139 139 138 137 137 136 136 136 137 137 138 137 137 136 137 137 135 135 131 126 126 122 118 118 115 115 113 112 112 112 114 114 117 117 120 124 124 127 130 130 133 133 136 139 139 140 140 140 139 139 137 136 136 136 136 136 137 137 139 141 141 139 136 136 134 134 131 129 129 129
124 124 125 129 129 131 133 133 135 135 136 137 137 137 137 137 137 137 136 136 136 137 136 136 135 135 134 134 134 133 133 133 134 134 134 133 133 132 132 132 130 130 126 121 121 117 114 114 111 111 110 109 109 109 111 111 114 114 117 121 121 126 130 130 134 134 137 140 140 141 141 141 140 140 138 136 136 134 133 133 133 133 136 138 138 137 136 136 135 135 132 130 130 129
124 124 125 129 129 131 133 133 135 135 136 137 137 137 137 137 137 137 136 136 136 137 136 136 135 135 134 134 134 133 133 133 134 134 134 133 133 132 132 132 130 130 126 121 121 117 114 114 111 111 110 109 109 109 111 111 114 114 117 121 121 126 130 130 134 134 137 140 140 141 141 141 140 140 138 136 136 134 133 133 133 133 136 138 138 137 136 136 135 135 132 130 130 129
121 121 123 126 126 128 130 130 132 132 133 133 133 133 132 132 132 132 131 131 131 131 130 130 129 129 128 128 128 127 127 127 128 128 129 129 129 128 127 127 124 124 120 115 115 112 110 110 108 108 106 106 106 107 108 108 111 111 114 119 119 125 130 130 135 135 139 142 142 143 144 144 144 144 144 142 142 138 138 138 138 138 139 139 139 138 139 139 137 137 133 131 131 131
120 120 121 124 124 126 127 127 128 128 129 129 129 128 127 127 126 126 125 125 125 124 123 123 122 122 121 120 120 120 120 120 121 121 122 123 123 123 120 120 118 118 116 114 114 112 110 110 107 107 106 107 107 108 110 110 113 113 118 123 123 128 134 134 139 139 143 146 146 148 149 149 152 152 153 150 150 147 145 145 144 144 142 141 141 140 141 141 140 140 135 131 131 132
120 120 121 124 124 126 127 127 128 128 129 129 129 128 127 127 126 126 125 125 125 124 123 123 122 122 121 120 120 120 120 120 121 121 122 123 123 123 120 120 118 118 116 114 114 112 110 110 107 107 106 107 107 108 110 110 113 113 118 123 123 128 134 134 139 139 143 146 146 148 149 149 152 152 153 150 150 147 145 145 144 144 142 141 141 140 141 141 140 140 135 131 131 132
119 119 120 122 122 123 124 124 125 125 125 125 125 124 123 123 121 121 120 120 120 119 118 118 116 116 115 114 114 113 114 114 114 114 115 115 115 115 115 115 116 116 116 115 115 114 113 113 112 112 112 112 112 114 116 116 119 119 123 127 127 133 139 139 144 144 147 151 151 153 156 156 160 160 160 157 157 152 149 149 146 146 143 142 142 142 143 143 142 142 137 134 134 135
118 118 119 120 120 121 121 121 121 121 121 121 121 121 119 119 118 118 117 116 116 115 113 113 112 112 110 110 110 111 111 111 111 111 111 113 113 115 117 117 118 118 118 117 117 117 117 117 117 117 117 118 118 119 121 121 124 124 127 131 131 137 143 143 148 148 151 154 154 157 161 161 164 164 164 161 161 155 150 150 146 146 144 144 144 144 144 144 143 143 138 136 136 137
118 118 119 120 120 121 121 121 121 121 121 121 121 121 119 119 118 118 117 116 116 115 113 113 112 112 110 110 110 111 111 111 111 111 111 113 113 115 117 117 118 118 118 117 117 117 117 117 117 117 117 118 118 119 121 121 124 124 127 131 131 137 143 143 148 148 151 154 154 157 161 161 164 164 164 161 161 155 150 150 146 146 144 144 144 144 144 144 143 143 138 136 136 137
117 117 118 118 118 118 118 118 117 117 117 116 116 115 114 114 113 113 112 111 111 110 109 109 109 109 110 111 111 112 113 113 114 114 115 117 117 119 120 120 120 120 120 120 120 120 121 121 121 121 122 123 123 124 126 126 128 128 131 135 135 141 146 146 151 151 155 158 158 161 165 165 166 166 165 162 162 156 150 150 146 146 145 145 145 144 143 143 141 141 138 136 136 138
117 117 118 118 118 118 118 118 117 117 117 116 116 115 114 114 113 113 112 111 111 110 109 109 109 109 110 111 111 112 113 113 114 114 115 117 117 119 120 120 120 120 120 120 120 120 121 121 121 121 122 123 123 124 126 126 128 128 131 135 135 141 146 146 151 151 155 158 158 161 165 165 166 166 165 162 162 156 150 150 146 146 145 145 145 144 143 143 141 141 138 136 136 138
118 118 117 117 117 116 116 116 115 115 114 112 112 111 111 111 110 110 109 109 109 110 111 111 112 112 113 114 114 116 117 117 119 119 120 121 121 123 123 123 124 124 124 124 124 125 125 125 125 125 126 128 128 129 131 131 132 132 134 138 138 144 150 150 155 155 158 161 161 164 167 167 166 166 164 160 160 154 148 148 146 146 145 144 144 143 142 142 139 139 136 135 135 137
119 119 118 117 117 116 116 116 115 115 114 113 113 114 114 114 113 113 113 113 113 114 115 115 115 115 116 117 117 119 120 120 122 122 123 125 125 126 127 127 127 127 127 128 128 129 129 129 130 130 131 132 132 134 134 134 136 136 138 142 142 148 153 153 158 158 161 163 163 166 168 168 166 166 163 158 158 150 145 145 142 142 142 142 142 141 139 139 137 137 135 134 134 137
119 119 118 117 117 116 116 116 115 115 114 113 113 114 114 114 113 113 113 113 113 114 115 115 115 115 116 117 117 119 120 120 122 122 123 125 125 126 127 127 127 127 127 128 128 129 129 129 130 130 131 132 132 134 134 134 136 136 138 142 142 148 153 153 158 158 161 163 163 166 168 168 166 166 163 158 158 150 145 145 142 142 142 142 142 141 139 139 137 137 135 134 134 137
122 122 121 119 119 118 117 117 117 117 117 117 117 117 117 117 117 117 117 117 117 117 117 117 117 117 118 119 119 120 121 121 123 123 125 127 127 128 129 129 129 129 129 130 130 131 132 132 133 133 134 136 136 137 138 138 139 139 142 147 147 152 156 156 160 160 163 165 165 168 169 169 166 166 162 155 155 147 142 142 139 139 139 139 139 138 137 137 135 135 135 135 135 137
126 126 125 122 122 121 120 120 120 120 119 119 119 119 119 119 120 120 120 119 119 119 119 119 119 119 120 120 120 122 123 123 125 125 127 129 129 130 131 131 131 131 131 131 131 133 134 134 135 135 136 138 138 139 140 140 142 142 146 150 150 155 159 159 163 163 165 167 167 169 169 169 166 166 159 152 152 145 140 140 138 138 137 137 137 136 135 135 134 134 134 135 135 137
126 126 125 122 122 121 120 120 120 120 119 119 119 119 119 119 120 120 120 119 119 119 119 119 119 119 120 120 120 122 123 123 125 125 127 129 129 130 131 131 131 131 131 131 131 133 134 134 135 135 136 138 138 139 140 140 142 142 146 150 150 155 159 159 163 163 165 167 167 169 169 169 166 166 159 152 152 145 140 140 138 138 137 137 137 136 135 135 134 134 134 135 135 137
130 130 128 126 126 124 123 123 122 122 122 122 122 122 122 122 122 122 122 122 122 121 121 121 121 121 122 123 123 124 126 126 128 128 130 131 131 132 133 133 133 133 133 134 134 135 137 137 138 138 139 140 140 140 142 142 144 144 147 151 151 156 160 160 164 164 167 168 168 169 169 169 164 164 157 150 150 143 139 139 136 136 135 135 135 134 134 134 134 134 134 135 135 137
130 130 128 126 126 124 123 123 122 122 122 122 122 122 122 122 122 122 122 122 122 121 121 121 121 121 122 123 123 124 126 126 128 128 130 131 131 132 133 133 133 133 133 134 134 135 137 137 138 138 139 140 140 140 142 142 144 144 147 151 151 156 160 160 164 164 167 168 168 169 169 169 164 164 157 150 150 143 139 139 136 136 135 135 135 134 134 134 134 134 134 135 135 137
133 133 132 128 128 127 126 126 125 125 125 125 125 125 124 124 125 125 125 124 124 123 123 123 123 123 124 125 125 126 128 128 130 130 132 133 133 134 135 135 136 136 136 137 137 139 140 140 142 142 141 140 140 140 141 141 143 143 146 150 150 155 160 160 165 165 168 169 169 170 169 169 164 164 156 149 149 142 138 138 135 135 134 134 134 134 134 134 135 135 135 136 136 138
137 137 135 131 131 129 128 128 128 128 127 127 127 127 127 127 127 127 126 126 126 126 125 125 125 125 126 127 127 128 130 130 132 132 134 135 135 137 138 138 139 139 139 140 140 141 143 143 143 143 142 141 141 140 141 141 143 143 145 148 148 154 159 159 165 165 168 169 169 170 169 169 163 163 156 149 149 142 137 137 135 135 134 134 134 135 135 135 136 136 137 138 138 140
137 137 135 131 131 129 128 128 128 128 127 127 127 127 127 127 127 127 126 126 126 126 125 125 125 125 126 127 127 128 130 130 132 132 134 135 135 137 138 138 139 139 139 140 140 141 143 143 143 143 142 141 141 140 141 141 143 143 145 148 148 154 159 159 165 165 168 169 169 170 169 169 163 163 156 149 149 142 137 137 135 135 134 134 134 135 135 135 136 136 137 138 138 140
141 141 138 133 133 131 129 129 129 129 128 128 128 128 128 128 128 128 128 127 127 127 127 127 126 126 127 128 128 129 131 131 133 133 135 136 136 138 139 139 140 140 140 141 141 141 142 142 142 142 140 139 139 140 141 141 144 144 146 149 149 154 159 159 164 164 168 168 168 169 169 169 163 163 156 149 149 142 138 138 136 136 136 137 137 137 138 138 138 138 138 139 139 141
144 144 140 135 135 132 131 131 130 130 129 129 129 130 129 129 129 129 129 128 128 128 127 127 127 127 127 128 128 129 132 132 134 134 136 137 137 138 139 139 139 139 139 139 139 139 139 139 139 139 138 137 137 138 140 140 143 143 146 149 149 154 159 159 164 164 167 167 167 169 168 168 163 163 157 150 150 144 140 140 139 139 139 140 140 140 141 141 140 140 140 141 141 143
144 144 140 135 135 132 131 131 130 130 129 129 129 130 129 129 129 129 129 128 128 128 127 127 127 127 127 128 128 129 132 132 134 134 136 137 137 138 139 139 139 139 139 139 139 139 139 139 139 139 138 137 137 138 140 140 143 143 146 149 149 154 159 159 164 164 167 167 167 169 168 168 163 163 157 150 150 144 140 140 139 139 139 140 140 140 141 141 140 140 140 141 141 143
146 146 143 137 137 134 132 132 131 131 131 131 131 131 131 131 131 131 130 129 129 128 127 127 126 126 127 128 128 129 132 132 134 134 136 136 136 136 137 137 137 137 137 136 136 136 136 136 136 136 135 134 134 135 137 137 140 140 143 147 147 153 158 158 163 163 165 166 166 168 168 168 162 162 156 150 150 144 142 142 141 141 142 142 142 143 143 143 142 142 142 144 144 146
146 146 143 137 137 134 132 132 131 131 131 131 131 131 131 131 131 131 130 129 129 128 127 127 126 126 127 128 128 129 132 132 134 134 136 136 136 136 137 137 137 137 137 136 136 136 136 136 136 136 135 134 134 135 137 137 140 140 143 147 147 153 158 158 163 163 165 166 166 168 168 168 162 162 156 150 150 144 142 142 141 141 142 142 142 143 143 143 142 142 142 144 144 146
149 149 145 139 139 136 134 134 133 133 133 132 132 133 132 132 132 132 130 129 129 128 127 127 126 126 125 126 126 128 131 131 133 133 134 133 133 133 133 133 133 133 133 132 132 132 132 132 133 133 132 132 132 133 134 134 137 137 140 145 145 151 156 156 161 161 163 165 165 168 166 166 161 161 155 149 149 144 142 142 142 142 143 143 143 144 144 144 143 143 143 145 145 148
151 151 146 140 140 137 136 136 135 135 134 134 134 134 134 134 133 133 131 130 130 128 126 126 125 125 125 126 126 128 130 130 131 131 131 130 130 129 129 129 129 129 128 127 127 127 127 127 128 128 129 130 130 131 133 133 135 135 138 143 143 148 153 153 157 157 160 163 163 166 164 164 159 159 153 148 148 143 142 142 141 141 142 143 143 144 144 144 143 143 143 145 145 148
151 151 146 140 140 137 136 136 135 135 134 134 134 134 134 134 133 133 131 130 130 128 126 126 125 125 125 126 126 128 130 130 131 131 131 130 130 129 129 129 129 129 128 127 127 127 127 127 128 128 129 130 130 131 133 133 135 135 138 143 143 148 153 153 157 157 160 163 163 166 164 164 159 159 153 148 148 143 142 142 141 141 142 143 143 144 144 144 143 143 143 145 145 148
152 152 148 141 141 138 136 136 136 136 135 135 135 135 135 135 134 134 132 130 130 128 126 126 124 124 124 126 126 128 130 130 130 130 129 128 128 127 126 126 125 125 124 123 123 123 124 124 125 125 126 127 127 128 130 130 133 133 137 141 141 146 150 150 154 154 158 161 161 163 160 160 155 155 150 145 145 142 140 140 140 140 140 141 141 142 143 143 143 143 143 145 145 148
152 152 148 142 142 139 137 137 137 137 137 136 136 136 135 135 134 134 133 131 131 128 126 126 124 124 124 127 127 129 130 130 130 130 129 127 127 125 124 124 124 124 124 123 123 123 123 123 124 124 124 124 124 125 127 127 130 130 134 138 138 143 147 147 151 151 156 159 159 160 157 157 151 151 146 143 143 140 139 139 139 139 139 140 140 141 141 141 141 141 143 145 145 149
152 152 148 142 142 139 137 137 137 137 137 136 136 136 135 135 134 134 133 131 131 128 126 126 124 124 124 127 127 129 130 130 130 130 129 127 127 125 124 124 124 124 124 123 123 123 123 123 124 124 124 124 124 125 127 127 130 130 134 138 138 143 147 147 151 151 156 159 159 160 157 157 151 151 146 143 143 140 139 139 139 139 139 140 140 141 141 141 141 141 143 145 145 149
151 151 148 142 142 139 138 138 138 138 138 137 137 137 136 136 135 135 133 131 131 129 127 127 125 125 125 128 128 131 131 131 130 130 129 127 127 125 125 125 126 126 126 124 124 124 125 125 125 125 125 125 125 126 127 127 129 129 132 135 135 140 144 144 149 149 153 157 157 157 153 153 148 148 143 140 140 138 137 137 136 136 137 138 138 139 139 139 139 139 141 144 144 149
151 151 148 142 142 139 138 138 138 138 138 137 137 137 136 136 135 135 133 131 131 129 127 127 125 125 125 128 128 131 131 131 130 130 129 127 127 125 125 125 126 126 126 124 124 124 125 125 125 125 125 125 125 126 127 127 129 129 132 135 135 140 144 144 149 149 153 157 157 157 153 153 148 148 143 140 140 138 137 137 136 136 137 138 138 139 139 139 139 139 141 144 144 149
151 151 147 142 142 139 138 138 138 138 138 138 138 137 137 137 136 136 134 132 132 130 128 128 127 127 127 130 130 132 131 131 130 130 128 126 126 126 126 126 127 127 127 126 126 126 126 126 127 127 127 127 127 128 130 130 131 131 132 134 134 137 141 141 146 146 150 154 154 154 150 150 145 145 141 138 138 135 134 134 134 134 135 136 136 137 137 137 137 137 139 143 143 148
150 150 147 143 143 140 138 138 138 138 139 138 138 138 137 137 136 136 135 133 133 131 129 129 128 128 129 131 131 132 130 130 129 129 128 127 127 127 128 128 128 128 128 127 127 127 128 128 128 128 128 128 128 129 130 130 132 132 133 134 134 136 139 139 143 143 147 150 150 151 146 146 142 142 139 136 136 134 134 134 133 133 134 135 135 135 135 135 136 136 139 142 142 149
150 150 147 143 143 140 138 138 138 138 139 138 138 138 137 137 136 136 135 133 133 131 129 129 128 128 129 131 131 132 130 130 129 129 128 127 127 127 128 128 128 128 128 127 127 127 128 128 128 128 128 128 128 129 130 130 132 132 133 134 134 136 139 139 143 143 147 150 150 151 146 146 142 142 139 136 136 134 134 134 133 133 134 135 135 135 135 135 136 136 139 142 142 149
