src/images/mdt_315_10_20m_ang.asc
ncols	100
nrows	103
xllcorner	417958.405121
yllcorner	4513292.473900
cellsize	20.000000
NODATA_value	-9999.000000
[rows 0 to 41 of 103, columns 0 to 93 of 100]
229 229 254 271 271 309 317 317 321 321 323 324 324 325 324 324 323 323 322 321 321 320 321 321 321 321 321 321 321 322 322 322 323 323 325 328 328 331 332 332 331 331 329 328 328 327 326 326 325 325 325 325 325 325 324 324 325 325 327 329 329 332 335 335 336 336 337 336 336 335 335 335 335 335 335 335 335 334 332 332 330 330 328 325 325 315 307 307 304 304 300 296 296 294
229 229 254 271 271 309 317 317 321 321 323 324 324 325 324 324 323 323 322 321 321 320 321 321 321 321 321 321 321 322 322 322 323 323 325 328 328 331 332 332 331 331 329 328 328 327 326 326 325 325 325 325 325 325 324 324 325 325 327 329 329 332 335 335 336 336 337 336 336 335 335 335 335 335 335 335 335 334 332 332 330 330 328 325 325 315 307 307 304 304 300 296 296 294
229 229 254 271 271 309 317 317 321 321 323 324 324 325 324 324 323 323 322 321 321 320 321 321 321 321 321 321 321 322 322 322 323 323 325 328 328 331 332 332 331 331 329 328 328 327 326 326 325 325 325 325 325 325 324 324 325 325 327 329 329 332 335 335 336 336 337 336 336 335 335 335 335 335 335 335 335 334 332 332 330 330 328 325 325 315 307 307 304 304 300 296 296 294
229 229 254 271 271 309 317 317 321 321 323 324 324 325 324 324 323 323 322 321 321 320 321 321 321 321 321 321 321 322 322 322 323 323 325 328 328 331 332 332 331 331 329 328 328 327 326 326 325 325 325 325 325 325 324 324 325 325 327 329 329 332 335 335 336 336 337 336 336 335 335 335 335 335 335 335 335 334 332 332 330 330 328 325 325 315 307 307 304 304 300 296 296 294
313 313 271 280 280 301 312 312 317 317 320 322 322 323 324 324 323 323 322 321 321 320 320 320 320 320 320 320 320 320 320 320 320 320 322 325 325 328 330 330 330 330 328 326 326 326 325 325 324 324 323 323 323 323 322 322 322 322 323 326 326 328 332 332 335 335 335 335 335 334 334 334 334 334 335 335 335 334 333 333 330 330 330 329 329 321 312 312 308 308 305 301 301 299
338 338 288 288 288 294 303 303 310 310 315 318 318 320 322 322 322 322 322 321 321 320 319 319 319 319 319 319 319 318 317 317 316 316 317 319 319 323 327 327 327 327 325 324 324 324 322 322 321 321 320 320 320 319 318 318 317 317 317 318 318 321 325 325 329 329 331 331 331 331 332 332 332 332 333 334 334 334 333 333 332 332 334 336 336 329 320 320 317 317 314 309 309 306
338 338 288 288 288 294 303 303 310 310 315 318 318 320 322 322 322 322 322 321 321 320 319 319 319 319 319 319 319 318 317 317 316 316 317 319 319 323 327 327 327 327 325 324 324 324 322 322 321 321 320 320 320 319 318 318 317 317 317 318 318 321 325 325 329 329 331 331 331 331 332 332 332 332 333 334 334 334 333 333 332 332 334 336 336 329 320 320 317 317 314 309 309 306
333 333 292 292 292 295 300 300 307 307 311 315 315 318 320 320 321 321 321 321 321 320 319 319 319 319 319 318 318 317 316 316 314 314 314 316 316 320 324 324 325 325 324 324 324 323 322 322 321 321 320 319 319 317 315 315 313 313 312 312 312 315 319 319 323 323 326 327 327 328 329 329 331 331 332 333 333 333 334 334 334 334 337 339 339 332 326 326 323 323 319 314 314 310
333 333 292 292 292 295 300 300 307 307 311 315 315 318 320 320 321 321 321 321 321 320 319 319 319 319 319 318 318 317 316 316 314 314 314 316 316 320 324 324 325 325 324 324 324 323 322 322 321 321 320 319 319 317 315 315 313 313 312 312 312 315 319 319 323 323 326 327 327 328 329 329 331 331 332 333 333 333 334 334 334 334 337 339 339 332 326 326 323 323 319 314 314 310
334 334 296 295 295 297 301 301 306 306 311 314 314 317 318 318 319 319 320 321 321 320 320 320 319 319 319 318 318 317 316 316 314 314 313 314 314 319 323 323 324 324 324 324 324 323 322 322 321 321 320 318 318 316 313 313 311 311 309 309 309 311 314 314 319 319 322 323 323 325 326 326 328 328 330 331 331 332 334 334 335 335 339 341 341 334 329 329 327 327 323 317 317 313
335 335 299 298 298 299 302 302 306 306 311 314 314 316 318 318 318 318 319 320 320 320 319 319 319 319 319 318 318 317 316 316 313 313 312 313 313 317 322 322 323 323 323 323 323 323 322 322 320 320 319 317 317 315 313 313 310 310 308 308 308 309 312 312 316 316 318 320 320 322 323 323 325 325 327 329 329 332 334 334 337 337 341 342 342 335 332 332 330 330 325 319 319 314
335 335 299 298 298 299 302 302 306 306 311 314 314 316 318 318 318 318 319 320 320 320 319 319 319 319 319 318 318 317 316 316 313 313 312 313 313 317 322 322 323 323 323 323 323 323 322 322 320 320 319 317 317 315 313 313 310 310 308 308 308 309 312 312 316 316 318 320 320 322 323 323 325 325 327 329 329 332 334 334 337 337 341 342 342 335 332 332 330 330 325 319 319 314
335 335 300 299 299 300 302 302 306 306 311 314 314 316 317 317 318 318 319 319 319 319 319 319 318 318 318 318 318 317 315 315 313 313 312 312 312 315 320 320 323 323 323 323 323 323 321 321 320 320 319 317 317 315 313 313 310 310 308 307 307 308 311 311 314 314 317 318 318 320 322 322 324 324 326 328 328 331 335 335 338 338 342 342 342 337 334 334 332 332 326 320 320 315
334 334 300 300 300 301 303 303 306 306 311 314 314 316 317 317 317 317 319 319 319 319 319 319 318 318 318 318 318 317 315 315 313 313 311 311 311 313 318 318 322 322 323 324 324 323 322 322 321 321 319 318 318 316 313 313 311 311 309 307 307 308 310 310 313 313 316 318 318 320 322 322 324 324 326 328 328 332 335 335 339 339 344 343 343 338 335 335 332 332 327 320 320 314
334 334 300 300 300 301 303 303 306 306 311 314 314 316 317 317 317 317 319 319 319 319 319 319 318 318 318 318 318 317 315 315 313 313 311 311 311 313 318 318 322 322 323 324 324 323 322 322 321 321 319 318 318 316 313 313 311 311 309 307 307 308 310 310 313 313 316 318 318 320 322 322 324 324 326 328 328 332 335 335 339 339 344 343 343 338 335 335 332 332 327 320 320 314
337 337 300 300 300 301 303 303 307 307 310 314 314 316 317 317 317 317 318 319 319 319 318 318 318 318 317 317 317 317 316 316 313 313 312 311 311 312 316 316 321 321 324 324 324 324 323 323 321 321 320 318 318 316 314 314 312 312 310 308 308 309 311 311 314 314 316 318 318 320 322 322 325 325 327 329 329 332 336 336 341 341 345 344 344 340 337 337 333 333 327 320 320 315
337 337 300 300 300 301 303 303 307 307 310 314 314 316 317 317 317 317 318 319 319 319 318 318 318 318 317 317 317 317 316 316 313 313 312 311 311 312 316 316 321 321 324 324 324 324 323 323 321 321 320 318 318 316 314 314 312 312 310 308 308 309 311 311 314 314 316 318 318 320 322 322 325 325 327 329 329 332 336 336 341 341 345 344 344 340 337 337 333 333 327 320 320 315
337 337 299 299 299 301 303 303 307 307 311 314 314 316 317 317 317 317 317 318 318 318 317 317 317 317 317 317 317 317 316 316 314 314 312 312 312 312 315 315 320 320 324 326 326 325 323 323 321 321 320 318 318 317 315 315 313 313 312 311 311 311 312 312 315 315 317 318 318 320 323 323 326 326 328 330 330 333 337 337 342 342 346 345 345 341 339 339 334 334 328 321 321 316
337 337 298 299 299 302 305 305 308 308 312 315 315 317 317 317 316 316 316 316 316 317 317 317 316 316 317 316 316 316 316 316 314 314 313 312 312 312 315 315 320 320 325 327 327 326 323 323 321 321 320 318 318 317 316 316 314 314 313 313 313 313 315 315 317 317 319 320 320 321 323 323 327 327 329 331 331 334 338 338 344 344 347 346 346 343 340 340 334 334 328 322 322 317
337 337 298 299 299 302 305 305 308 308 312 315 315 317 317 317 316 316 316 316 316 317 317 317 316 316 317 316 316 316 316 316 314 314 313 312 312 312 315 315 320 320 325 327 327 326 323 323 321 321 320 318 318 317 316 316 314 314 313 313 313 313 315 315 317 317 319 320 320 321 323 323 327 327 329 331 331 334 338 338 344 344 347 346 346 343 340 340 334 334 328 322 322 317
337 337 297 299 299 303 307 307 310 310 314 316 316 318 318 318 317 317 315 315 315 315 316 316 316 316 316 315 315 315 315 315 314 314 314 313 313 313 314 314 319 319 325 328 328 326 323 323 321 321 320 318 318 317 315 315 314 314 314 314 314 315 316 316 318 318 320 320 320 321 324 324 327 327 330 332 332 335 340 340 345 345 348 347 347 344 340 340 334 334 328 322 322 317
356 356 298 302 302 308 310 310 312 312 315 317 317 319 319 319 317 317 315 314 314 314 314 314 314 314 314 314 314 315 315 315 314 314 314 313 313 313 314 314 318 318 325 328 328 326 323 323 320 320 319 318 318 316 315 315 314 314 314 314 314 315 317 317 319 319 320 321 321 322 324 324 327 327 330 332 332 336 341 341 346 346 350 349 349 344 339 339 334 334 328 322 322 317
356 356 298 302 302 308 310 310 312 312 315 317 317 319 319 319 317 317 315 314 314 314 314 314 314 314 314 314 314 315 315 315 314 314 314 313 313 313 314 314 318 318 325 328 328 326 323 323 320 320 319 318 318 316 315 315 314 314 314 314 314 315 317 317 319 319 320 321 321 322 324 324 327 327 330 332 332 336 341 341 346 346 350 349 349 344 339 339 334 334 328 322 322 317
12 12 328 311 311 312 313 313 315 315 317 318 318 319 318 318 317 317 315 313 313 312 311 311 311 311 312 313 313 314 315 315 314 314 314 314 314 313 314 314 318 318 324 328 328 326 322 322 320 320 319 317 317 316 315 315 315 315 314 315 315 316 318 318 320 320 321 322 322 323 324 324 327 327 330 333 333 337 341 341 347 347 352 350 350 344 339 339 334 334 327 322 322 318
12 12 328 311 311 312 313 313 315 315 317 318 318 319 318 318 317 317 315 313 313 312 311 311 311 311 312 313 313 314 315 315 314 314 314 314 314 313 314 314 318 318 324 328 328 326 322 322 320 320 319 317 317 316 315 315 315 315 314 315 315 316 318 318 320 320 321 322 322 323 324 324 327 327 330 333 333 337 341 341 347 347 352 350 350 344 339 339 334 334 327 322 322 318
349 349 336 320 320 315 315 315 316 316 316 317 317 317 316 316 315 315 313 311 311 310 309 309 310 310 311 312 312 314 315 315 315 315 314 314 314 314 315 315 317 317 322 326 326 325 322 322 320 320 318 316 316 315 314 314 314 314 315 315 315 317 318 318 320 320 322 323 323 323 324 324 326 326 329 332 332 336 341 341 348 348 352 349 349 343 339 339 333 333 326 322 322 318
312 312 317 320 320 317 315 315 315 315 314 314 314 313 313 313 312 312 310 310 310 309 309 309 310 310 310 312 312 314 314 314 315 315 314 315 315 315 316 316 317 317 321 324 324 323 320 320 319 319 317 315 315 314 314 314 314 314 314 315 315 317 318 318 320 320 322 323 323 323 324 324 326 326 328 331 331 335 341 341 348 348 352 348 348 343 338 338 332 332 326 321 321 317
312 312 317 320 320 317 315 315 315 315 314 314 314 313 313 313 312 312 310 310 310 309 309 309 310 310 310 312 312 314 314 314 315 315 314 315 315 315 316 316 317 317 321 324 324 323 320 320 319 319 317 315 315 314 314 314 314 314 314 315 315 317 318 318 320 320 322 323 323 323 324 324 326 326 328 331 331 335 341 341 348 348 352 348 348 343 338 338 332 332 326 321 321 317
306 306 309 313 313 314 313 313 312 312 310 309 309 308 308 308 309 309 309 309 309 309 309 309 309 309 310 311 311 313 315 315 315 315 316 316 316 317 318 318 319 319 321 323 323 321 319 319 318 318 316 314 314 313 313 313 313 313 314 316 316 317 319 319 320 320 322 322 322 323 324 324 325 325 328 331 331 335 340 340 348 348 351 347 347 342 337 337 331 331 326 321 321 317
301 301 304 308 308 309 308 308 307 307 305 303 303 304 305 305 307 307 309 309 309 308 308 308 308 308 310 311 311 313 315 315 316 316 318 319 319 319 320 320 321 321 322 321 321 320 318 318 317 317 315 313 313 313 313 313 313 313 314 316 316 317 319 319 321 321 322 322 322 323 324 324 325 325 327 330 330 334 340 340 347 347 350 347 347 342 337 337 331 331 325 321 321 317
301 301 304 308 308 309 308 308 307 307 305 303 303 304 305 305 307 307 309 309 309 308 308 308 308 308 310 311 311 313 315 315 316 316 318 319 319 319 320 320 321 321 322 321 321 320 318 318 317 317 315 313 313 313 313 313 313 313 314 316 316 317 319 319 321 321 322 322 322 323 324 324 325 325 327 330 330 334 340 340 347 347 350 347 347 342 337 337 331 331 325 321 321 317
299 299 300 302 302 303 302 302 302 302 301 301 301 302 304 304 306 306 308 308 308 307 307 307 308 308 310 312 312 314 316 316 317 317 319 320 320 321 322 322 323 323 321 320 320 318 317 317 315 315 313 312 312 312 312 312 313 313 314 316 316 318 320 320 321 321 322 322 322 323 324 324 325 325 326 328 328 332 338 338 346 346 350 346 346 342 336 336 330 330 324 320 320 317
299 299 300 302 302 303 302 302 302 302 301 301 301 302 304 304 306 306 308 308 308 307 307 307 308 308 310 312 312 314 316 316 317 317 319 320 320 321 322 322 323 323 321 320 320 318 317 317 315 315 313 312 312 312 312 312 313 313 314 316 316 318 320 320 321 321 322 322 322 323 324 324 325 325 326 328 328 332 338 338 346 346 350 346 346 342 336 336 330 330 324 320 320 317
300 300 300 300 300 301 303 303 304 304 305 304 304 304 305 305 307 307 308 308 308 307 307 307 309 309 311 312 312 315 317 317 319 319 321 321 321 322 325 325 324 324 321 319 319 317 315 315 313 313 312 311 311 310 311 311 312 312 313 316 316 318 320 320 322 322 323 323 323 323 325 325 326 326 326 326 326 330 336 336 344 344 349 346 346 341 336 336 329 329 324 320 320 316
305 305 305 305 305 307 309 309 310 310 310 309 309 309 309 309 310 310 312 312 312 310 310 310 310 310 312 313 313 316 318 318 321 321 322 322 322 325 327 327 324 324 321 318 318 315 313 313 311 311 310 309 309 309 310 310 311 311 313 316 316 318 320 320 322 322 323 323 323 324 326 326 328 328 326 325 325 327 334 334 342 342 348 345 345 341 335 335 329 329 324 319 319 316
305 305 305 305 305 307 309 309 310 310 310 309 309 309 309 309 310 310 312 312 312 310 310 310 310 310 312 313 313 316 318 318 321 321 322 322 322 325 327 327 324 324 321 318 318 315 313 313 311 311 310 309 309 309 310 310 311 311 313 316 316 318 320 320 322 322 323 323 323 324 326 326 328 328 326 325 325 327 334 334 342 342 348 345 345 341 335 335 329 329 324 319 319 316
309 309 310 311 311 312 313 313 314 314 314 313 313 313 313 313 314 314 316 316 316 314 313 313 313 313 313 314 314 316 318 318 321 321 322 324 324 328 330 330 325 325 321 318 318 314 312 312 310 310 308 308 308 308 309 309 311 311 313 316 316 317 319 319 321 321 322 323 323 324 327 327 328 328 327 325 325 326 332 332 341 341 347 345 345 340 334 334 329 329 323 319 319 316
312 312 313 313 313 314 315 315 315 315 315 315 315 315 315 315 317 317 319 319 319 318 316 316 315 315 315 315 315 317 319 319 321 321 322 324 324 329 332 332 326 326 320 317 317 314 311 311 309 309 307 307 307 308 309 309 311 311 313 315 315 317 319 319 321 321 322 322 322 324 327 327 328 328 327 325 325 326 331 331 339 339 346 345 345 339 334 334 328 328 323 319 319 316
312 312 313 313 313 314 315 315 315 315 315 315 315 315 315 315 317 317 319 319 319 318 316 316 315 315 315 315 315 317 319 319 321 321 322 324 324 329 332 332 326 326 320 317 317 314 311 311 309 309 307 307 307 308 309 309 311 311 313 315 315 317 319 319 321 321 322 322 322 324 327 327 328 328 327 325 325 326 331 331 339 339 346 345 345 339 334 334 328 328 323 319 319 316
313 313 313 314 314 315 316 316 317 317 317 317 317 317 317 317 318 318 320 320 320 320 318 318 318 318 318 318 318 318 320 320 322 322 323 324 324 329 332 332 326 326 320 316 316 313 310 310 308 308 306 305 305 306 308 308 310 310 312 313 313 315 317 317 319 319 320 322 322 324 326 326 327 327 325 325 325 325 329 329 336 336 343 342 342 337 332 332 326 326 321 317 317 314
313 313 313 314 314 315 316 316 317 317 317 317 317 317 317 317 318 318 320 320 320 320 318 318 318 318 318 318 318 318 320 320 322 322 323 324 324 329 332 332 326 326 320 316 316 313 310 310 308 308 306 305 305 306 308 308 310 310 312 313 313 315 317 317 319 319 320 322 322 324 326 326 327 327 325 325 325 325 329 329 336 336 343 342 342 337 332 332 326 326 321 317 317 314
313 313 313 314 314 316 318 318 318 318 318 319 319 319 319 319 320 320 320 321 321 321 320 320 319 319 319 319 319 319 320 320 322 322 323 324 324 328 329 329 324 324 319 315 315 311 308 308 306 306 304 303 303 303 305 305 307 307 309 310 310 313 315 315 316 316 318 320 320 323 324 324 324 324 323 322 322 324 327 327 333 333 340 340 340 334 328 328 322 322 318 315 315 312
